116
GCA_019285715.1_ASM1928571v1           0.0000000 0.8287877 0.7873807 0.9667224 0.8556980 0.7442205 0.7925275 0.6295557 0.6671179 0.6137801 0.7340785 0.9558170 0.6415088 0.6996588 0.7426291 0.6393879 0.8351806 0.7026916 0.6796408 0.9641586 0.6417793 0.9370788 1.0355516 0.4826963 0.6599504 0.6792997 0.7886054 0.7837342 0.7929196 0.9553185 0.8340578 0.8333130 0.6126736 0.8658375 0.7659359 0.6443006 0.5014130 0.7833609 0.8018299 0.9553185 1.0283616 0.9663899 0.8556980 0.7175464 1.1505349 0.6015812 0.5970510 0.6938497 0.9311603 0.5295632 1.0362292 0.7847381 0.7404320 0.4588118 0.7171727 0.6930392 1.0260310 0.9656538 1.0437826 1.0449349 1.0926770 1.0438364 0.7114508 0.7658332 0.6343410 0.9623332 0.4945296 0.8147816 0.7120352 0.4910611 0.8413529 0.6984301 0.7509562 0.8849705 0.8807464 0.8126990 0.7938715 0.6988577 0.8416339 0.9601233 0.9556631 0.7873807 0.7718941 0.6307667 0.8916798 0.7004172 0.7615063 0.6035212 0.7582521 0.6547594 0.6813273 0.6859643 0.9703595 0.5389452 0.5147769 0.9427327 0.7125976 0.7482535 0.8032843 0.6473860 0.5018312 0.7026916 1.0904785 0.4979290 0.7980894 0.8788097 1.0277941 0.8697569 0.6174201 0.6580265 0.7901235 0.8063832 0.8084880 0.8080754 0.7965990 0.7020780 
GCA_019739335.1_ASM1973933v1           0.8287877 0.0000000 0.8902225 1.1487727 1.0542928 0.8873393 0.8575304 0.7637050 0.8610676 0.7168401 0.8158702 1.2586113 0.7918874 0.8659594 0.9680689 0.7989926 1.0243902 1.0131012 0.8482359 0.8777057 0.6994104 1.1764956 1.2208496 0.6533171 0.4715952 0.7734997 1.1112071 1.0865484 0.6630398 1.2622863 0.5398881 0.6132794 0.7204680 1.0668597 1.0697841 0.8057866 0.6913991 1.0866561 0.9401887 1.2622863 1.1744026 0.7278733 1.0542928 1.0021383 1.3072477 0.7349785 0.7480619 0.7580066 1.2440945 0.6539475 1.1963800 1.1648771 0.7943792 0.6637424 0.8226186 0.5939566 1.1663481 1.0638599 1.1171757 1.1544352 1.1902833 1.1538351 0.8475758 0.7372604 0.4849979 1.1129155 0.7223310 0.4505997 0.9272134 0.6845308 1.1482443 0.8752230 0.8530830 0.6256963 0.9970553 0.5868979 0.8400258 0.8594886 0.9748720 0.9466456 0.9455876 0.8902225 0.9036390 0.8243809 0.6371222 0.7985959 0.8928062 0.6988411 0.7681448 0.7810984 0.9372714 0.7192434 1.1911054 0.7069723 0.6259324 1.1677464 1.0012344 0.8902680 0.6407182 0.8333642 0.6391759 1.0131012 1.1490346 0.6617032 0.9426509 0.9910211 1.0939207 1.1094023 0.7259207 0.8762252 0.9930818 1.0207515 1.0276522 1.0181737 1.0277233 0.8667361 
GCF_000013085.1_ASM1308v1              0.7873807 0.8902225 0.0000000 1.1252665 0.9775705 0.7602543 0.6563970 0.5778257 0.5971792 0.5739439 0.6472666 1.0330417 0.6430923 0.5669657 0.7601288 0.6216481 0.9895668 0.7325439 0.7916388 0.6954134 0.5487469 0.9830050 1.0418287 0.6745945 0.8714875 0.5923318 0.8751370 0.8658740 0.9238186 1.0289012 0.9895114 0.8884302 0.5772836 0.9272304 0.9750110 0.6717808 0.8414259 0.8979031 0.7558451 1.0289012 0.9530584 1.1333502 0.9775705 0.7029521 1.1572413 0.6454363 0.7322877 0.5972612 0.9559477 0.9150469 1.1141235 1.0292967 0.8878628 0.7643508 0.6232050 0.9989718 1.1561568 0.8828490 0.9959582 0.8935890 0.9178920 0.8992870 0.5884719 0.6346038 0.9350112 1.0604617 0.8024015 0.9372095 0.5871288 0.8015690 1.0735262 0.5628302 0.6608103 0.9373677 1.0239363 1.0171641 0.6625903 0.5667335 0.9200764 0.9388003 0.9626631 0.0000010 0.6507772 0.7131007 1.1650918 0.7151888 0.7514619 0.5963595 0.6544999 0.6326230 0.8113321 0.5625773 0.9457449 0.8403506 0.7032083 0.9048947 0.7253329 0.6328672 0.9328316 0.6159599 0.7247522 0.7325439 1.2785015 0.8283603 0.8003165 0.8014676 1.0943649 1.0439324 0.5453425 0.5726294 0.7740567 0.7737050 0.7939510 0.7761173 0.7903001 0.7492059 
GCF_000013565.1_ASM1356v1              0.9667224 1.1487727 1.1252665 0.0000000 0.6437738 0.8616138 1.1345031 0.9644118 1.0627903 0.8917635 0.9736833 0.6833668 0.9376562 1.1205782 0.8440272 0.9388906 0.6300546 0.9773351 1.0482602 1.2810736 0.8760146 0.3419608 0.5904161 0.9810716 1.0573292 0.9576624 0.6262348 0.6177324 1.0748368 0.6748481 1.0800860 1.0749466 0.8965051 1.2598085 0.6082134 0.9237939 1.0342323 0.5273643 0.6355336 0.6748481 1.2595330 1.1602569 0.6437738 0.9636315 0.8038551 1.0348404 0.9155172 1.0461773 0.6479154 1.0933161 0.7435469 0.6328625 0.9549474 1.1266185 0.9811052 1.0332337 1.1573806 0.7547466 0.8354305 0.8000122 0.7746228 0.7973758 1.1538863 1.1547981 1.1129008 1.2853642 1.0063082 1.0514985 1.1756733 1.1362927 0.6280842 0.9669975 1.0762720 0.9384058 0.5323297 1.1056574 1.1288315 1.1243004 1.1056845 1.1747941 1.2190728 1.1252665 0.9097302 0.9223136 1.1490690 1.0280407 0.8591491 0.9148508 1.1602435 0.9656436 1.1593356 0.8878767 0.5049577 1.0764332 0.9560100 0.5996564 0.9729923 1.0050937 1.0453080 0.9724809 1.0247886 0.9773351 1.3097316 1.0274941 1.0232329 1.1281526 0.7241548 0.6881692 0.8404676 1.0463372 1.0749899 1.0457143 1.0620755 1.0498006 1.0456174 0.8890963 
GCF_000014045.1_ASM1404v1              0.8556980 1.0542928 0.9775705 0.6437738 0.0000000 0.8684908 1.2327241 1.0117180 0.9694770 0.8149164 0.8901163 0.6271128 0.8983082 0.9337589 0.8807058 0.8956316 0.0262717 1.0875800 1.0555590 1.1048109 0.8112263 0.5704837 0.5429228 1.0075962 0.9829805 0.9486429 0.4894020 0.4825194 1.0107398 0.6160132 1.1069141 1.0138296 0.8192785 1.2887509 0.1979578 0.9262493 0.9389669 0.4867530 0.3611423 0.6160132 1.1939604 1.1652868 0.0000010 1.0643730 0.6589717 0.9675157 0.8623964 0.9481415 0.6467454 1.0356640 0.5390811 0.2630067 0.9480942 1.0238013 0.8902807 1.0471422 1.3634198 0.4462299 0.6018075 0.5263438 0.5170333 0.5261465 0.9611589 0.9614246 1.1618870 1.2270999 0.9653438 1.0518696 1.0264572 1.1226879 0.5029379 0.9818044 1.0891813 1.0792550 0.4625833 1.0362196 0.9745884 0.9154093 1.0726992 1.2514469 1.2749461 0.9775705 1.2420266 0.9419915 1.2879123 1.1224171 0.8231334 0.8344624 0.9695286 0.8507946 1.1002331 0.8859858 0.5261564 1.0678319 0.9904725 0.4902785 1.0455199 1.0166424 1.0336626 0.9168653 0.9880085 1.0875800 1.3111370 0.9799377 1.2108015 1.2432192 0.6656069 0.5524822 0.8265614 0.9542342 0.9402361 0.9399190 0.9630118 0.9492915 0.9493991 0.8754606 
GCF_000015165.1_ASM1516v1              0.7442205 0.8873393 0.7602543 0.8616138 0.8684908 0.0000000 0.7217736 0.6372564 0.6859315 0.6656178 0.7118633 0.9518324 0.7103431 0.7635730 0.0976781 0.6890108 0.8660312 0.6521203 0.7096481 0.8051041 0.6443228 0.8592511 0.9931722 0.7848098 0.7908573 0.7004065 0.8688262 0.8571791 0.8504893 0.9471346 0.9262329 0.8647891 0.6693217 1.0035355 0.8267384 0.7139905 0.6622479 0.8406946 0.7700972 0.9471346 1.2408984 0.9076002 0.8684908 0.6090134 1.1644421 0.7286448 0.6456994 0.6946517 1.0108521 0.7465878 1.0718407 0.8921695 0.8660991 0.7700752 0.7255016 0.9936547 1.2596598 0.9787748 1.0813442 0.9426036 1.0597874 0.9486143 0.7626052 0.7008105 0.8347480 0.9641131 0.7451228 0.9802085 0.8322658 0.7677351 0.9941321 0.7115205 0.5845482 0.9287200 0.8947203 0.9074665 0.7046552 0.7619416 0.9708312 0.9239575 0.9240216 0.7602543 0.6773404 0.6644342 1.0178620 0.6736475 0.0872668 0.6906683 0.7487738 0.6952901 0.7026383 0.6364270 0.9901065 0.8834022 0.6837878 0.8667496 0.6126048 0.6492699 0.8827874 0.7211028 0.7283878 0.6521203 1.0330729 0.7009069 0.7813192 0.9230573 1.1543186 0.9524163 0.6411413 0.6812362 0.8584071 0.8878426 0.8884024 0.8953501 0.8863924 0.1138458 
GCF_000015585.1_ASM1558v1              0.7925275 0.8575304 0.6563970 1.1345031 1.2327241 0.7217736 0.0000000 0.5860714 0.6778087 0.6503523 0.7301824 1.0586198 0.6720935 0.6636113 0.7407276 0.6314913 1.2352858 0.7098526 0.7632719 0.8274301 0.6484844 1.1273415 1.3001857 0.6996345 0.8089857 0.7416585 1.1572483 1.1586402 0.9455619 1.0570980 0.9079314 0.9110938 0.6578114 0.9177011 1.1398728 0.6691709 0.6660334 1.1537920 0.9964193 1.0570980 0.8091509 1.0388890 1.2327241 0.6863095 1.3463358 0.8081896 0.7188053 0.7233078 1.0346602 0.8430770 1.4151747 1.2474228 0.8309919 0.7353414 0.7285891 0.9908204 1.0671577 1.1972138 1.3905304 1.3024339 1.3892404 1.2938077 0.6753693 0.7192587 0.8309317 1.0459846 0.7696435 0.9745545 0.6444799 0.7571007 1.3164005 0.5983524 0.7039842 1.0029057 1.1531241 0.9125024 0.6728675 0.6627372 0.8217456 0.8852501 0.8966494 0.6563970 0.7233202 0.7616693 1.0123748 0.6905502 0.7325371 0.6443663 0.7268178 0.6789381 0.7535446 0.6631681 1.1750047 0.7463542 0.7486525 1.0928705 0.7058169 0.7267646 0.9068820 0.6531856 0.7043136 0.7098526 1.2278130 0.6424297 0.6496243 0.9100873 1.1880849 1.2033893 0.6423420 0.6759621 0.7435997 0.7675856 0.7875778 0.7696841 0.7610756 0.7284124 
GCF_000016185.1_ASM1618v1              0.6295557 0.7637050 0.5778257 0.9644118 1.0117180 0.6372564 0.5860714 0.0000000 0.4809827 0.5166343 0.5652972 0.9745044 0.5217231 0.4943415 0.6471309 0.5068908 1.0178936 0.5109458 0.5926160 0.6711022 0.4995174 0.9012548 0.9160275 0.5932240 0.7632532 0.5130428 0.9103788 0.8907604 0.8238802 0.9843218 0.8392907 0.8308012 0.5097481 0.7845753 1.0053336 0.5397591 0.5580357 0.8528834 0.7740869 0.9843218 0.9450777 0.8686152 1.0117180 0.5020786 1.1742105 0.6132962 0.4750287 0.5019981 0.9577223 0.7974369 1.0885200 1.0227077 0.7956098 0.5206943 0.5496453 0.8008763 1.1025089 1.0843814 0.9892312 0.9579165 1.0400570 0.9516793 0.4982393 0.5712793 0.7890887 0.8252593 0.5699683 0.7976608 0.4798868 0.6164716 1.0360775 0.4069428 0.4839317 0.9356822 0.9044456 0.8337574 0.5283317 0.5090170 0.7951788 0.8281030 0.8282769 0.5778257 0.5637955 0.7182704 0.9360851 0.5079829 0.6203267 0.5139366 0.5617519 0.5955057 0.4660666 0.5607920 1.0351854 0.6574831 0.6061250 0.8950587 0.5131372 0.5886162 0.7519922 0.5258111 0.6029184 0.5109458 1.1664513 0.5870526 0.6267010 0.8702603 0.9801840 0.8987814 0.4888574 0.4773087 0.7905614 0.7893348 0.8035485 0.7900298 0.7909605 0.5894311 
GCF_000019365.1_ASM1936v1              0.6671179 0.8610676 0.5971792 1.0627903 0.9694770 0.6859315 0.6778087 0.4809827 0.0000000 0.3164344 0.3281540 1.0485123 0.3006642 0.5305522 0.7201383 0.2798763 0.9684188 0.7183614 0.5847472 0.7452021 0.3347412 0.9784155 0.9347538 0.5447922 0.7535471 0.1912190 1.0410197 1.0347224 1.0559064 1.0691678 1.0023701 0.9474135 0.3159485 0.9618956 0.8877840 0.2957822 0.5951086 0.9994338 0.8503766 1.0691678 0.9704664 1.0794635 0.9694770 0.6941342 1.1182937 0.3558112 0.3146843 0.1753947 1.0594340 0.7673398 1.2185364 0.9855083 0.8423508 0.5782602 0.3090475 0.8992036 1.0440955 0.9463077 1.0695828 0.9554583 1.0271997 0.9492100 0.5539551 0.4741490 0.6992922 0.9402486 0.5354210 0.8568533 0.5272879 0.5143236 1.1611852 0.5557677 0.6081410 1.0315158 1.0332610 1.0541792 0.5605039 0.5349283 0.9086356 0.9699483 0.9959742 0.5971792 0.6619169 0.6209870 1.1260396 0.5807819 0.7110515 0.3418922 0.4662746 0.3073300 0.6940339 0.3532232 1.0158856 0.6410515 0.4949918 0.9689491 0.7191956 0.3758305 0.9963917 0.2877623 0.5337689 0.7183614 1.2785836 0.6838552 0.7427729 1.0163760 1.2307663 0.9803929 0.3245231 0.0014909 0.8273065 0.8230029 0.8324104 0.8305540 0.8329297 0.6618112 
GCF_000019725.1_ASM1972v1              0.6137801 0.7168401 0.5739439 0.8917635 0.8149164 0.6656178 0.6503523 0.5166343 0.3164344 0.0000000 0.3708180 0.9712351 0.3366593 0.5355486 0.7067454 0.3182478 0.8306019 0.6659225 0.5736803 0.7334599 0.1495995 0.7869531 0.8763599 0.5636939 0.6513963 0.3610199 0.9101383 0.9107706 0.8045941 0.9820900 0.8323798 0.8116068 0.0027905 0.9522588 0.8375452 0.3316067 0.5565278 0.9143103 0.7583731 0.9820900 0.8192912 0.9242278 0.8149164 0.6466469 1.1080314 0.3836821 0.3129468 0.3440414 0.9420550 0.6487960 1.0394472 0.9294019 0.7300466 0.5906331 0.3625194 0.8494615 0.9431006 0.9004284 0.8423548 0.8722152 0.8825552 0.8713473 0.5456339 0.4554757 0.6862431 0.9302972 0.5866605 0.7449369 0.5585355 0.5915342 0.8591081 0.5291482 0.5905675 0.9078627 0.7451573 0.9213290 0.5671339 0.5298060 0.7226097 0.8577669 0.8677168 0.5739439 0.5672683 0.5681973 0.9805098 0.6643536 0.6472804 0.0487904 0.4460383 0.3419683 0.6731380 0.1386527 0.8662738 0.6345261 0.5451712 0.8036910 0.6640566 0.4089365 0.7840097 0.3182142 0.5699179 0.6659225 1.0388276 0.5812565 0.7546501 0.8756980 1.0769439 0.8232946 0.0990655 0.3151939 0.7537114 0.7441946 0.7632731 0.7563818 0.7480137 0.6582558 
GCF_000019945.1_ASM1994v1              0.7340785 0.8158702 0.6472666 0.9736833 0.8901163 0.7118633 0.7301824 0.5652972 0.3281540 0.3708180 0.0000000 0.9317109 0.1561523 0.5525703 0.7404225 0.1418819 0.8601249 0.8041934 0.6769016 0.7356722 0.3510076 0.8178588 0.8936802 0.6702592 0.8739583 0.4058599 0.8659358 0.8599724 1.0076285 0.9469543 0.8651883 0.9256074 0.3734184 1.0272172 0.8264609 0.1619345 0.7015240 0.8911107 0.7763580 0.9469543 0.9573673 1.0199275 0.8901163 0.7649416 1.1759906 0.3293660 0.3877056 0.3601959 0.8781918 0.8335118 1.1170929 0.8735401 0.8754341 0.6733112 0.0239295 0.9454215 1.1278998 0.8685198 0.9778267 0.9118342 0.9644650 0.9176626 0.5946742 0.4824216 0.9535863 1.0064842 0.6139334 0.9556024 0.5812070 0.6331551 0.8751148 0.5869740 0.6279037 1.0278593 0.8719455 1.0064736 0.5553221 0.5436932 0.8595928 0.9245598 0.9565238 0.6472666 0.5860534 0.6775899 1.0309206 0.6130500 0.7493466 0.3596938 0.4627972 0.2798896 0.7072844 0.3895674 0.9222615 0.6905047 0.6036117 0.8855455 0.7643133 0.3925522 0.9721609 0.1398157 0.6333118 0.8041934 1.4540426 0.7312418 0.7660970 0.9521133 1.0710994 0.8887769 0.3575285 0.3366635 0.8015403 0.8277180 0.8321913 0.8246358 0.8263525 0.6613400 
GCF_000021005.1_ASM2100v1              0.9558170 1.2586113 1.0330417 0.6833668 0.6271128 0.9518324 1.0586198 0.9745044 1.0485123 0.9712351 0.9317109 0.0000000 0.9587603 1.0149645 0.9953696 0.9321116 0.6247601 0.9500204 1.0519648 1.2560911 0.9275870 0.5834267 0.6591182 1.0441133 1.1351184 1.1501330 0.6091927 0.6008278 1.1278806 0.0054389 1.1302120 1.0420151 0.9700009 1.2574950 0.5819819 0.9618050 1.1512167 0.6293786 0.5191001 0.0054389 1.1796127 1.1143962 0.6271128 0.9096860 0.5342689 0.9474185 0.9514193 1.1560855 0.0870100 1.1860312 0.5006968 0.5723479 0.9905238 1.0924819 0.9692846 1.2190651 1.2408394 0.6273485 0.5851139 0.6441520 0.7374171 0.6483130 1.0613974 1.0995495 1.2468589 1.3426142 1.1496410 1.2292277 0.9925294 1.2283051 0.6992446 1.0909576 1.1779430 1.2557362 0.5401565 1.2669048 1.0926925 1.0170177 1.3571149 1.1965966 1.1968580 1.0330417 1.0759432 1.0939331 1.2552089 1.0284529 0.9938710 0.9633303 1.0749076 0.9116681 1.1239801 0.9728608 0.5413043 1.1254383 1.0665002 0.5798613 0.9194560 0.9774701 1.1090417 0.9630378 1.0020431 0.9500204 1.2671164 1.1780182 1.0892544 1.1977356 0.5454936 0.4794181 0.8928008 1.0259008 1.0876236 1.1055596 1.1442884 1.1264811 1.1214257 0.9498758 
GCF_000022685.1_ASM2268v1              0.6415088 0.7918874 0.6430923 0.9376562 0.8983082 0.7103431 0.6720935 0.5217231 0.3006642 0.3366593 0.1561523 0.9587603 0.0000000 0.5696072 0.7585680 0.0256516 0.8835743 0.7508125 0.6816427 0.7141589 0.3454807 0.8635624 0.9689487 0.6134058 0.7598567 0.3453554 0.8654833 0.8660692 0.9467226 0.9743992 0.8026222 0.8307232 0.3391477 1.0409308 0.7950610 0.0212706 0.6579547 0.9134817 0.7928554 0.9743992 0.9579159 0.9591707 0.8983082 0.7457880 1.1239540 0.2622849 0.3624586 0.3339070 0.9562510 0.7715541 1.1260293 0.8941747 0.7811196 0.6014764 0.1487174 0.9111385 1.0617303 0.8759056 1.0140938 0.9598048 1.0046377 0.9659337 0.5905608 0.4689371 0.8741271 1.0003988 0.5772653 0.8700141 0.5688233 0.5800593 0.8556071 0.5735379 0.5867717 0.9725501 0.8812475 0.9415161 0.5486139 0.5593907 0.8735934 0.9092856 0.9363959 0.6430923 0.6349739 0.6106632 0.9872816 0.5658813 0.7007342 0.3221299 0.4723091 0.2874954 0.6404074 0.3329496 0.9214604 0.6507086 0.5848535 0.8917859 0.7302806 0.3541470 0.8661101 0.0271128 0.6140172 0.7508125 1.2646983 0.7047531 0.7759025 1.0021936 0.9778534 0.9078119 0.3413892 0.3057407 0.8290481 0.8180889 0.8393564 0.8317336 0.8334688 0.6740745 
GCF_000025485.1_ASM2548v1              0.6996588 0.8659594 0.5669657 1.1205782 0.9337589 0.7635730 0.6636113 0.4943415 0.5305522 0.5355486 0.5525703 1.0149645 0.5696072 0.0000000 0.7439540 0.5507670 0.9215235 0.6162104 0.6518801 0.5682259 0.4985444 0.8912762 1.0746920 0.6130063 0.8219776 0.5265903 0.8933499 0.8814821 0.8714374 1.0345062 0.9678997 0.8944573 0.5308320 0.9118642 0.9066123 0.5829533 0.6468702 0.9246422 0.8275948 1.0345062 1.0050709 1.0439220 0.9337589 0.5918140 1.1961103 0.5755177 0.5877424 0.5249711 1.0126164 0.7669249 1.1078406 0.9216919 0.8538036 0.6392749 0.5412385 0.9123965 1.1536802 0.9584037 0.9938035 1.0037958 0.9796372 0.9973410 0.0593581 0.5522400 0.9348649 0.9441921 0.6525834 0.8622881 0.2020731 0.7143942 1.1198548 0.5255273 0.6381548 0.9119384 0.9861361 0.9741776 0.3156542 0.0160903 0.7827568 0.9315697 0.9554707 0.5669657 0.6372938 0.6482568 1.0668448 0.6377884 0.7480760 0.5228122 0.5559800 0.5843552 0.6072453 0.5472541 1.0110743 0.7253452 0.6116029 1.0204872 0.6008675 0.6015990 0.8686840 0.5327319 0.6162683 0.6162104 1.2807877 0.6103170 0.7847499 0.8445008 1.1023958 1.0322727 0.5611668 0.5259624 0.7420016 0.7438263 0.7533558 0.7506474 0.7623052 0.6866473 
GCF_000026145.1_ASM2614v1              0.7426291 0.9680689 0.7601288 0.8440272 0.8807058 0.0976781 0.7407276 0.6471309 0.7201383 0.7067454 0.7404225 0.9953696 0.7585680 0.7439540 0.0000000 0.6961262 0.8608961 0.6656490 0.7467954 0.8457230 0.6507080 0.7710624 0.9735318 0.8179084 0.8787262 0.7263998 0.8603762 0.8488411 0.9361921 0.9993993 0.9684830 0.9214920 0.7106183 1.0331947 0.8139682 0.7457481 0.6977635 0.8307631 0.7590740 0.9993993 1.2461132 0.9574594 0.8807058 0.6208887 1.1619883 0.7138813 0.6596054 0.7102328 0.9547451 0.8050060 1.0170038 0.8444110 0.8822138 0.7903083 0.7507171 1.0742020 1.2744637 0.9877380 1.0158894 0.9078370 1.0523295 0.9136299 0.7372889 0.7795038 0.8502592 1.0169180 0.8049008 1.0085059 0.8335807 0.7651190 0.9903033 0.6666780 0.5808592 0.9740044 0.9419773 1.0050459 0.7525801 0.7574938 0.9915461 1.0178581 1.0214169 0.7601288 0.6899242 0.7119349 1.1220657 0.7025743 0.1081208 0.7117181 0.7902132 0.7446378 0.7817325 0.7116557 0.9344641 0.8469518 0.6825873 0.8979680 0.6309153 0.7322058 0.9658802 0.7324901 0.7547661 0.6656490 1.0938716 0.7173501 0.7625211 0.9203915 1.1177327 0.9809020 0.6873247 0.7094984 0.8391073 0.8733940 0.8745884 0.8813768 0.8954844 0.0881484 
GCF_000083545.1_ASM8354v1              0.6393879 0.7989926 0.6216481 0.9388906 0.8956316 0.6890108 0.6314913 0.5068908 0.2798763 0.3182478 0.1418819 0.9321116 0.0256516 0.5507670 0.6961262 0.0000000 0.8637773 0.7549981 0.6710546 0.6998297 0.3256948 0.8336938 0.9314263 0.5806188 0.7663861 0.3385047 0.8289554 0.8295087 0.9308768 0.9471847 0.7846961 0.8230605 0.3206780 0.9963943 0.7819260 0.0301096 0.6630676 0.8914175 0.7784863 0.9471847 0.9214208 0.9235252 0.8956316 0.7291992 1.0862490 0.2476413 0.3458827 0.3271427 0.9261845 0.7517930 1.0884764 0.8696564 0.7822084 0.5779514 0.1368050 0.8784482 1.0408081 0.8546827 0.9912781 0.9337935 0.9766605 0.9397210 0.5774608 0.4828697 0.8428595 0.9649655 0.5583678 0.8674931 0.5646692 0.5536017 0.8344959 0.5441764 0.6026453 0.9785119 0.8468341 0.9187241 0.5276663 0.5395663 0.9098952 0.9235681 0.9342844 0.6216481 0.6256327 0.6063159 0.9859513 0.5823644 0.6692207 0.3033065 0.4704509 0.2670380 0.6345699 0.3229223 0.9277357 0.6207567 0.5540392 0.8706512 0.7343963 0.3530885 0.8457430 0.0126226 0.5862979 0.7549981 1.2778099 0.7017307 0.7338860 0.9980056 0.9741413 0.8588099 0.3207481 0.2836779 0.7910067 0.7938168 0.8143405 0.8070042 0.8086635 0.6243893 
GCF_000154785.2_ASM15478v2             0.8351806 1.0243902 0.9895668 0.6300546 0.0262717 0.8660312 1.2352858 1.0178936 0.9684188 0.8306019 0.8601249 0.6247601 0.8835743 0.9215235 0.8608961 0.8637773 0.0000000 1.0800477 1.0752587 1.1522270 0.8039821 0.5589561 0.5512261 0.9898654 0.9430150 0.9199147 0.4945509 0.4876207 0.9882095 0.6093181 1.0771782 1.0052002 0.8350311 1.3656167 0.2076513 0.8931169 0.9153677 0.4793736 0.3577067 0.6093181 1.1588714 1.1508636 0.0262717 1.0570505 0.6544926 0.9265386 0.8401094 0.9323726 0.6392630 0.9826727 0.5539398 0.2652336 0.9553812 1.0342968 0.8583483 1.0027315 1.3880042 0.4530455 0.6121168 0.5341473 0.5253682 0.5339458 0.9610259 0.9244377 1.1114822 1.2239591 0.9637832 1.0523113 1.0137511 1.0837517 0.5110407 0.9642249 1.0741086 1.0655761 0.4665374 0.9962956 0.9553268 0.9039809 1.0606185 1.2570230 1.2596462 0.9895668 1.2214544 0.9229901 1.2798319 1.0934498 0.8236742 0.8321615 0.9315987 0.8383994 1.0733548 0.8776455 0.5182259 1.0566671 0.9873006 0.4867940 1.0390190 1.0070201 1.0112390 0.8840794 0.9709610 1.0800477 1.4147636 0.9401430 1.1921281 1.2476116 0.6654748 0.5233848 0.8423078 0.9531713 0.9335102 0.9332019 0.9550069 0.9425551 0.9426555 0.8675807 
GCF_000195775.2_ASM19577v2             0.7026916 1.0131012 0.7325439 0.9773351 1.0875800 0.6521203 0.7098526 0.5109458 0.7183614 0.6659225 0.8041934 0.9500204 0.7508125 0.6162104 0.6656490 0.7549981 1.0800477 0.0000000 0.7301190 0.8187198 0.6775294 0.9123570 0.9988720 0.6700015 0.8758753 0.7251131 0.9827703 0.9770052 0.9882458 0.9527853 0.9990501 0.9103817 0.6689538 0.8572435 1.0313438 0.7647007 0.7218861 0.9559032 0.8812572 0.9527853 0.9850948 1.1324990 1.0875800 0.0238788 1.2355415 0.8100103 0.7225738 0.6993542 0.9513450 0.8589159 1.0374600 1.0417961 0.8115422 0.7272776 0.8011367 1.0669087 1.2305036 1.1037327 1.0112673 1.1131767 1.1694208 1.1093436 0.6320489 0.7201197 0.9654749 0.9083916 0.6852166 0.9030988 0.7114904 0.7603946 1.0895419 0.5998292 0.3896124 0.9629663 0.9663946 1.0217733 0.6673892 0.6084904 0.8554065 0.8118867 0.8167337 0.7325439 0.6206329 0.7006137 0.9871627 0.6829539 0.6192419 0.7101192 0.6946227 0.8029468 0.6531906 0.7748296 1.0123123 0.7804239 0.7075746 0.9571900 0.0238250 0.7644555 0.9957745 0.7730944 0.6566520 0.0000010 1.3837635 0.7209787 0.8587917 0.8111883 1.0250499 0.9260191 0.6671172 0.7091751 0.7925660 0.8044174 0.8069955 0.8000094 0.8197778 0.6036973 
GCF_000202835.1_ASM20283v1             0.6796408 0.8482359 0.7916388 1.0482602 1.0555590 0.7096481 0.7632719 0.5926160 0.5847472 0.5736803 0.6769016 1.0519648 0.6816427 0.6518801 0.7467954 0.6710546 1.0752587 0.7301190 0.0000000 0.7480018 0.6058330 1.0156267 1.0379307 0.6734056 0.7251173 0.6889027 0.9582183 0.9523714 0.9238387 1.0635640 0.9097960 0.8312115 0.5726695 0.9191810 1.0407061 0.6841069 0.5576893 0.9509234 0.8954464 1.0635640 0.9958361 0.9727160 1.0555590 0.7244718 1.1834490 0.6949856 0.6264842 0.6722111 1.0553707 0.6493225 1.0844543 1.0495226 0.8416286 0.6113012 0.6828077 0.8599358 1.0953565 1.2439231 1.1160054 1.0878652 1.1744842 1.0873076 0.6667600 0.6907438 0.8666069 1.0807248 0.6879369 0.7803852 0.6598413 0.6565240 0.9987877 0.6070054 0.7314777 0.9315147 0.9105692 0.9295517 0.7057915 0.6640017 0.9476265 1.0639500 1.0757437 0.7916388 0.6060014 0.7412406 0.8731074 0.5999457 0.7012835 0.5624304 0.6719603 0.7685288 0.6423971 0.6656215 0.9715641 0.6788777 0.6105754 0.9835328 0.7500442 0.6493728 0.9102199 0.6846764 0.6463049 0.7301190 1.0260999 0.5662625 0.7865914 1.0430396 1.0336065 0.8894175 0.5910492 0.5874086 0.8086730 0.8215782 0.8393172 0.8251170 0.8148072 0.6894783 
GCF_000224005.2_ASM22400v3             0.9641586 0.8777057 0.6954134 1.2810736 1.1048109 0.8051041 0.8274301 0.6711022 0.7452021 0.7334599 0.7356722 1.2560911 0.7141589 0.5682259 0.8457230 0.6998297 1.1522270 0.8187198 0.7480018 0.0000000 0.7332279 1.1399631 1.0856989 0.8560688 0.7976608 0.7104990 1.0218158 1.0082477 1.0011897 1.2689983 0.9430717 0.9210515 0.7373827 0.8223712 1.1651187 0.7216227 0.7518459 1.0223953 1.1108587 1.2689983 1.1566501 1.0658077 1.1048109 0.8116647 1.4523796 0.6860137 0.7600458 0.7047092 1.2991023 0.8822390 1.3593405 1.1844006 0.8096720 0.7538680 0.7444706 1.0069260 1.1836376 1.2244420 1.1140090 1.2395496 1.1465217 1.2352843 0.5747361 0.6772023 1.1292850 0.8925331 0.8905136 0.8796017 0.5977030 0.7924299 1.1958811 0.6372998 0.7237372 1.0182637 1.0737467 0.8876934 0.5385549 0.5485397 0.9096868 0.9844342 0.9785036 0.6954134 0.8265524 0.8116453 0.9619728 0.7458727 0.8185364 0.7113036 0.7119831 0.7340610 0.7478365 0.7633715 1.2240799 0.7548400 0.8051489 1.1345351 0.8008356 0.7861306 0.9443478 0.7095310 0.8606878 0.8187198 1.2768606 0.7356866 0.7670515 0.9319679 1.3105003 1.2219559 0.7294063 0.7237400 0.7987854 0.7871467 0.7863955 0.7887774 0.7865392 0.7561277 
GCF_000364445.2_ASM36444v2             0.6417793 0.6994104 0.5487469 0.8760146 0.8112263 0.6443228 0.6484844 0.4995174 0.3347412 0.1495995 0.3510076 0.9275870 0.3454807 0.4985444 0.6507080 0.3256948 0.8039821 0.6775294 0.6058330 0.7332279 0.0000000 0.7728506 0.8684019 0.5527061 0.6408477 0.3509390 0.8812053 0.8679077 0.8207674 0.9262212 0.8754862 0.8017961 0.1534592 0.9452248 0.8314891 0.3397161 0.5825923 0.8447688 0.7754517 0.9262212 0.9413672 0.8989879 0.8112263 0.6470247 1.0663060 0.3612343 0.3120317 0.3436318 0.8829738 0.7136563 1.0294869 0.8749277 0.7711620 0.5737184 0.3375839 0.8669918 0.9675463 0.9176677 0.8170403 0.8961732 0.9275449 0.8957354 0.5006116 0.4774099 0.7183801 0.8739977 0.5702889 0.7440084 0.5193433 0.6055391 0.8710150 0.5163539 0.6147120 0.9141622 0.7260348 0.8571301 0.5268417 0.5001665 0.7247470 0.8961249 0.9104443 0.5487469 0.5779094 0.6470303 0.9508419 0.6452742 0.6268399 0.1405167 0.4745885 0.3375544 0.6378140 0.1537272 0.8862986 0.6269831 0.5201133 0.7765725 0.6618822 0.3960318 0.7935551 0.3352664 0.5539346 0.6775294 1.0739848 0.5964153 0.7317668 0.8941831 1.0548207 0.8268390 0.1175907 0.3347412 0.6902184 0.6992074 0.7125714 0.7059869 0.7122903 0.6124479 
GCF_000590925.1_ASM59092v1             0.9370788 1.1764956 0.9830050 0.3419608 0.5704837 0.8592511 1.1273415 0.9012548 0.9784155 0.7869531 0.8178588 0.5834267 0.8635624 0.8912762 0.7710624 0.8336938 0.5589561 0.9123570 1.0156267 1.1399631 0.7728506 0.0000000 0.5834589 1.0045053 1.0033651 0.8747993 0.6416979 0.6331892 1.1543016 0.5821898 1.0691629 1.0798923 0.7833495 1.2861512 0.5995768 0.8511805 0.9764606 0.5701090 0.5974338 0.5821898 1.1942113 1.3261567 0.5704837 0.8845701 0.8149048 0.8580273 0.7909812 0.8512955 0.6086577 1.1306710 0.6717453 0.5807995 1.0545129 1.0745948 0.8574660 1.0730216 1.1725022 0.6628706 0.7668425 0.7102553 0.7199278 0.7147301 0.9026658 0.9558426 1.1975378 1.2411077 0.9421310 1.0732005 1.0023830 1.1598479 0.6283815 0.9696033 0.9136518 1.0109725 0.4546304 1.1340995 0.9401461 0.8803194 1.0460883 1.0801695 1.1014048 0.9830050 0.9509245 0.9301108 1.3314991 1.0436813 0.8566389 0.7700958 0.9231592 0.9164194 1.1136694 0.7608875 0.4718732 1.1126920 0.9874271 0.5180567 0.9099859 0.9950012 1.1508502 0.8453282 0.9835426 0.9123570 1.5234540 0.9854122 1.0056645 1.1159562 0.7582756 0.6352843 0.7917218 0.9470835 1.0074030 0.9986549 1.0149097 1.0104098 1.0097833 0.8461926 
GCF_000738435.1_ASM73843v1             1.0355516 1.2208496 1.0418287 0.5904161 0.5429228 0.9931722 1.3001857 0.9160275 0.9347538 0.8763599 0.8936802 0.6591182 0.9689487 1.0746920 0.9735318 0.9314263 0.5512261 0.9988720 1.0379307 1.0856989 0.8684019 0.5834589 0.0000000 1.0708018 1.1195758 0.9588702 0.6367151 0.6248946 1.0700341 0.6513449 1.1072761 1.0715933 0.8830889 1.2157834 0.5304212 0.9318122 1.0081742 0.5980028 0.6065093 0.6513449 1.2122011 1.2092848 0.5429228 0.9879528 0.7514292 1.0672950 0.8693469 0.9832643 0.6393594 1.1199461 0.6487164 0.5138186 1.0465922 1.1032348 0.9056057 1.1450728 1.2836447 0.6076391 0.6540759 0.6359688 0.6716113 0.6357124 1.1037814 1.0451118 1.2925616 1.1810362 1.1381739 1.1429593 1.0201471 1.1503298 0.6480928 1.0386783 1.1479730 1.1556859 0.3794471 1.1996510 1.0642861 1.0605537 1.0415766 1.1320290 1.1075330 1.0418287 0.9926767 1.0859847 1.2136292 1.0561805 1.0150486 0.9092364 1.0287757 0.9770369 1.2114756 0.8747518 0.7304239 1.0454890 1.1389416 0.3803223 0.9671223 0.9616335 0.9892554 0.9553218 1.0613463 0.9988720 1.3816768 1.0523662 1.1457317 1.0906677 0.7818242 0.6403802 0.8230349 0.9115825 1.0215491 1.0215638 1.0341141 1.0258125 1.0483286 0.9510467 
GCF_000935025.1_ASM93502v1             0.4826963 0.6533171 0.6745945 0.9810716 1.0075962 0.7848098 0.6996345 0.5932240 0.5447922 0.5636939 0.6702592 1.0441133 0.6134058 0.6130063 0.8179084 0.5806188 0.9898654 0.6700015 0.6734056 0.8560688 0.5527061 1.0045053 1.0708018 0.0000000 0.6417725 0.6401969 0.9270301 0.9214720 0.6897162 1.0472399 0.5760326 0.6800528 0.5627111 0.9072865 0.9223417 0.6144197 0.5463234 0.9241257 0.8807023 1.0472399 1.0496890 0.8494954 1.0075962 0.6805417 1.1564490 0.5820249 0.5667661 0.6591078 1.0077026 0.6041588 1.1418298 1.0225639 0.7780757 0.3191751 0.6416227 0.6594878 1.0869990 1.0842989 1.1636394 1.0912798 1.0621037 1.0907317 0.6180883 0.6438360 0.6185035 1.0986435 0.2973567 0.6643059 0.6478771 0.3132500 1.0266168 0.6069662 0.6199520 0.7166316 0.9310253 0.7569628 0.6190341 0.6095118 0.8126371 0.8855161 0.8740868 0.6745945 0.7499246 0.5858189 0.7775716 0.6879149 0.7807465 0.5673607 0.6334233 0.6531105 0.5706735 0.5731082 1.0374547 0.4183889 0.2847678 0.9501415 0.6887968 0.6268607 0.6789594 0.6005448 0.0978741 0.6700015 1.0722547 0.5378069 0.7663679 0.8731854 1.1265599 1.0227672 0.5226034 0.5510467 0.7378095 0.7191152 0.7280402 0.7277308 0.7288499 0.7659638 
GCF_001304795.1_ASM130479v1            0.6599504 0.4715952 0.8714875 1.0573292 0.9829805 0.7908573 0.8089857 0.7632532 0.7535471 0.6513963 0.8739583 1.1351184 0.7598567 0.8219776 0.8787262 0.7663861 0.9430150 0.8758753 0.7251173 0.7976608 0.6408477 1.0033651 1.1195758 0.6417725 0.0000000 0.6400573 1.0422609 1.0358358 0.5945756 1.1582084 0.5597636 0.5728183 0.6548394 1.0981730 1.0218357 0.7637245 0.5569198 1.0524689 0.9124699 1.1582084 1.0609998 0.6607071 0.9829805 0.8572188 1.1784260 0.7451091 0.7283911 0.6532507 1.1092711 0.5780254 1.2155263 0.9674179 0.7425156 0.6481394 0.8561085 0.5206929 1.1192938 1.0964268 1.0631676 1.1252349 1.1792081 1.1246452 0.8417608 0.6956806 0.4917308 1.1714249 0.6894455 0.5153429 0.8018017 0.6485356 1.0408391 0.7651582 0.8371911 0.6571652 0.8883872 0.5371374 0.7933670 0.8233509 0.9473456 1.0483088 1.0208596 0.8714875 0.9931474 0.7389406 0.5921801 0.7806006 0.8074591 0.6785616 0.7207678 0.7488522 0.7667429 0.6298872 1.1363638 0.7198469 0.6148344 1.0482620 0.8626244 0.7499613 0.5881465 0.7805320 0.6147594 0.8758753 1.2188565 0.5605948 0.8108301 1.0134020 1.2167754 0.9821661 0.6474478 0.7526986 0.9483892 0.9539731 0.9680592 0.9596576 0.9693249 0.8399227 
GCF_001548015.1_ASM154801v1            0.6792997 0.7734997 0.5923318 0.9576624 0.9486429 0.7004065 0.7416585 0.5130428 0.1912190 0.3610199 0.4058599 1.1501330 0.3453554 0.5265903 0.7263998 0.3385047 0.9199147 0.7251131 0.6889027 0.7104990 0.3509390 0.8747993 0.9588702 0.6401969 0.6400573 0.0000000 0.9460717 0.9331713 0.9730572 1.1618917 0.9665763 0.9383630 0.3636239 1.1266195 0.8934142 0.3628095 0.6496776 0.9128367 0.8684770 1.1618917 1.0970018 1.1154409 0.9486429 0.7319204 1.2795073 0.3305341 0.3702664 0.1125060 1.1501594 0.7916936 1.2124958 0.9750362 0.8552747 0.5906362 0.3987313 0.9334569 1.1425829 0.9212829 1.1031551 0.9641894 0.9851168 0.9578509 0.5297817 0.5071472 0.8148948 1.0107950 0.6628799 0.8230402 0.5288361 0.6418022 1.0859746 0.5118813 0.6165394 1.0900274 0.8955993 0.9349845 0.5683302 0.5250111 0.9058188 1.0931868 1.0792719 0.5923318 0.7317217 0.6497443 1.0296646 0.6492100 0.7109564 0.3804415 0.4989200 0.3516087 0.6487591 0.3720900 1.0297474 0.7374375 0.5760155 0.9573138 0.7411779 0.4258670 0.9111011 0.3454281 0.6210428 0.7251131 1.3735367 0.7124370 0.7969207 1.0158878 1.2760318 0.9554861 0.3670968 0.1889289 0.8106287 0.8097742 0.8132823 0.8114761 0.8201734 0.6524501 
GCF_001548075.1_ASM154807v1            0.7886054 1.1112071 0.8751370 0.6262348 0.4894020 0.8688262 1.1572483 0.9103788 1.0410197 0.9101383 0.8659358 0.6091927 0.8654833 0.8933499 0.8603762 0.8289554 0.4945509 0.9827703 0.9582183 1.0218158 0.8812053 0.6416979 0.6367151 0.9270301 1.0422609 0.9460717 0.0000000 0.0039264 1.1492286 0.6063626 1.0203277 1.0175408 0.9150571 1.1737409 0.5110294 0.8699076 1.0099601 0.2492533 0.4841983 0.6063626 1.1885385 1.2025034 0.4894020 0.9889124 0.6913271 0.8613100 0.8870606 0.9947357 0.6200291 0.9682674 0.6690409 0.4844390 0.8964966 1.0077801 0.8641226 1.0059572 1.1534917 0.6100360 0.6279049 0.5865967 0.5686150 0.5904566 0.9414426 1.0693954 1.1374963 1.1569643 1.0223112 0.9546968 0.9435717 1.0282768 0.4869181 0.9527377 0.9397854 0.9480929 0.5456820 1.0809550 1.0003185 0.8835322 1.1584676 1.3954915 1.3703950 0.8751370 1.0728095 0.9132778 1.2287180 0.9707118 0.8699951 0.8988861 1.0544467 0.9138728 0.9991331 0.9244579 0.4914732 0.9825210 0.9629073 0.6175247 0.9794390 0.9911642 0.9955817 0.8286239 0.9667834 0.9827703 1.2705823 0.9762962 1.1614812 1.1848847 0.6451987 0.6165346 0.8947839 1.0267176 0.9685871 0.9693857 0.9953101 0.9781630 0.9678838 0.7862800 
GCF_001633165.1_ASM163316v1            0.7837342 1.0865484 0.8658740 0.6177324 0.4825194 0.8571791 1.1586402 0.8907604 1.0347224 0.9107706 0.8599724 0.6008278 0.8660692 0.8814821 0.8488411 0.8295087 0.4876207 0.9770052 0.9523714 1.0082477 0.8679077 0.6331892 0.6248946 0.9214720 1.0358358 0.9331713 0.0039264 0.0000000 1.1425073 0.5980417 1.0062182 1.0114730 0.9156932 1.1638221 0.5075785 0.8704974 1.0016286 0.2424075 0.4771786 0.5980417 1.1814154 1.1921904 0.4825194 0.9831348 0.6786747 0.8618272 0.8809175 0.9811630 0.6115505 0.9625373 0.6613933 0.4774828 0.8911896 1.0017619 0.8581994 1.0070519 1.1466334 0.6028908 0.6189674 0.5797311 0.5619365 0.5835624 0.9289543 1.0583316 1.1304686 1.1486480 1.0162283 0.9397248 0.9379708 1.0198061 0.4762128 0.9536202 0.9343039 0.9385526 0.5337874 1.0663337 0.9944631 0.8718022 1.1458147 1.3745241 1.3500596 0.8658740 1.0579795 0.9075530 1.2113238 0.9649612 0.8583154 0.9061468 1.0435329 0.9144277 0.9909867 0.9207039 0.4878388 0.9744229 0.9496213 0.6104976 0.9737122 0.9918606 0.9818633 0.8291782 0.9610033 0.9770052 1.2711421 0.9683274 1.1455483 1.1634136 0.6363717 0.6077730 0.9020739 1.0203283 0.9630549 0.9638411 0.9896166 0.9725757 0.9623589 0.7757425 
GCF_001663175.1_ASM166317v1            0.7929196 0.6630398 0.9238186 1.0748368 1.0107398 0.8504893 0.9455619 0.8238802 1.0559064 0.8045941 1.0076285 1.1278806 0.9467226 0.8714374 0.9361921 0.9308768 0.9882095 0.9882458 0.9238387 1.0011897 0.8207674 1.1543016 1.0700341 0.6897162 0.5945756 0.9730572 1.1492286 1.1425073 0.0000000 1.1219147 0.4201066 0.1897925 0.8084896 1.2597476 1.1130881 0.9527186 0.7353988 1.0841983 0.9361218 1.1219147 1.0378667 0.2267822 1.0107398 0.9494096 1.2937254 0.9827500 0.8296031 0.9719582 1.1543584 0.7072739 1.2255221 1.1398466 0.8659416 0.7962161 0.9973195 0.6461753 1.1343018 1.1999880 1.3451469 1.2489554 1.2220788 1.2476202 0.8827618 0.8826866 0.6636135 1.3482151 0.7786487 0.6802444 0.8707105 0.8229213 1.1834838 0.8816213 1.0300670 0.8443273 0.9956052 0.3887739 0.9009277 0.8705591 1.1064032 1.1029677 1.0835600 0.9238186 1.0116392 0.8848262 0.3649553 0.8355900 0.9064287 0.8696817 0.9214909 0.9686814 0.9610293 0.8021943 1.2848703 0.7890565 0.6877758 1.0820302 0.9677308 1.0021164 0.1372372 0.9485874 0.6938205 0.9882458 1.3247732 0.7667905 1.1040466 0.9801076 1.1096372 1.1690822 0.8514134 1.0123307 0.8981946 0.9110144 0.9201437 0.9010344 0.9268823 0.9119631 
GCF_001685625.1_ASM168562v1            0.9553185 1.2622863 1.0289012 0.6748481 0.6160132 0.9471346 1.0570980 0.9843218 1.0691678 0.9820900 0.9469543 0.0054389 0.9743992 1.0345062 0.9993993 0.9471847 0.6093181 0.9527853 1.0635640 1.2689983 0.9262212 0.5821898 0.6513449 1.0472399 1.1582084 1.1618917 0.6063626 0.5980417 1.1219147 0.0000000 1.1437411 1.0365246 0.9808429 1.2657205 0.5750197 0.9774539 1.1641475 0.6170822 0.5173290 0.0000010 1.1553188 1.1133464 0.6160132 0.9273089 0.5318059 0.9626703 0.9697846 1.1514824 0.0867866 1.1713721 0.4903417 0.5657482 0.9777945 1.0957548 0.9852199 1.2327972 1.2379450 0.6284669 0.5969032 0.6407904 0.7391653 0.6449233 1.0818542 1.1115135 1.2455975 1.3703092 1.1602319 1.2226374 1.0023266 1.2321588 0.6905230 1.0942001 1.1900060 1.2417120 0.5335968 1.2599717 1.0884389 1.0366441 1.3494317 1.2088499 1.2091064 1.0289012 1.0704899 1.0887069 1.2477537 1.0314625 0.9978795 0.9819551 1.0865210 0.9135467 1.1354072 0.9689375 0.5571540 1.1358182 1.0697051 0.5812679 0.9221066 0.9724996 1.1031641 0.9786646 1.0051788 0.9527853 1.2358287 1.1912603 1.1001883 1.1933004 0.5394415 0.4702981 0.9019753 1.0466822 1.0896856 1.1076444 1.1464219 1.1285841 1.1235250 0.9383390 
GCF_001719165.1_ASM171916v1            0.8340578 0.5398881 0.9895114 1.0800860 1.1069141 0.9262329 0.9079314 0.8392907 1.0023701 0.8323798 0.8651883 1.1302120 0.8026222 0.9678997 0.9684830 0.7846961 1.0771782 0.9990501 0.9097960 0.9430717 0.8754862 1.0691629 1.1072761 0.5760326 0.5597636 0.9665763 1.0203277 1.0062182 0.4201066 1.1437411 0.0000000 0.3574753 0.8363691 1.2044086 1.0424756 0.8008389 0.7356412 1.0433224 1.0089628 1.1437411 1.0968528 0.4113806 1.1069141 0.9762483 1.3099820 0.7834113 0.8670139 0.9357254 1.1168152 0.7298605 1.2326358 1.0089773 0.8326211 0.6737319 0.8844588 0.5645347 1.1157199 1.2307534 1.1474299 1.2971166 1.2492209 1.2956783 0.9425167 0.8923249 0.6687752 1.3065095 0.7044064 0.5908036 0.9802641 0.6979876 1.0401607 0.9310096 0.9231635 0.7288084 1.0358317 0.2753200 0.9555810 0.9437593 1.1249767 1.0775115 1.1061700 0.9895114 0.9599937 0.8413915 0.3035031 0.7237639 0.9630692 0.8462376 0.9356583 0.9044582 0.8076382 0.8379844 1.0633920 0.7165558 0.6603132 1.0548364 0.9890482 0.9148031 0.3544362 0.8139911 0.6117444 0.9990501 1.2936791 0.7663957 0.9946727 1.0712271 1.1887202 1.2078287 0.8177457 0.9958489 0.9159142 0.9493889 0.9388832 0.9388933 0.9251017 0.9693400 
GCF_001720465.1_ASM172046v1            0.8333130 0.6132794 0.8884302 1.0749466 1.0138296 0.8647891 0.9110938 0.8308012 0.9474135 0.8116068 0.9256074 1.0420151 0.8307232 0.8944573 0.9214920 0.8230605 1.0052002 0.9103817 0.8312115 0.9210515 0.8017961 1.0798923 1.0715933 0.6800528 0.5728183 0.9383630 1.0175408 1.0114730 0.1897925 1.0365246 0.3574753 0.0000000 0.8155571 1.1251304 1.0069567 0.8568233 0.7381705 1.0369802 0.9232807 1.0365246 1.0685051 0.1814364 1.0138296 0.8781394 1.1980171 0.8815204 0.8345269 0.9360347 1.0699876 0.6712715 1.1246515 1.0074406 0.8548037 0.7646673 0.9465604 0.5837164 1.1539530 1.1645781 1.2233671 1.1719759 1.1904188 1.1795043 0.9394608 0.8419780 0.6541816 1.3126129 0.7479081 0.6446722 0.9493423 0.7438710 1.0300220 0.9246398 0.8806931 0.8407464 1.0427577 0.3396284 0.9104300 0.9214310 1.0591724 1.1090595 1.0851927 0.8884302 0.9258021 0.8055475 0.3390722 0.8510510 0.9234842 0.8480089 0.8534799 0.8772962 0.8002788 0.7724746 1.0924118 0.7090193 0.6625594 0.9406013 0.8950634 0.9027331 0.1519660 0.8474595 0.6621775 0.9103817 1.2249437 0.7576894 1.1781366 1.0189285 1.0460316 1.0488285 0.8327205 0.9280759 0.8830341 0.9058445 0.9077813 0.8960222 0.8955783 0.9500197 
GCF_001854385.1_ASM185438v1            0.6126736 0.7204680 0.5772836 0.8965051 0.8192785 0.6693217 0.6578114 0.5097481 0.3159485 0.0027905 0.3734184 0.9700009 0.3391477 0.5308320 0.7106183 0.3206780 0.8350311 0.6689538 0.5726695 0.7373827 0.1534592 0.7833495 0.8830889 0.5627111 0.6548394 0.3636239 0.9150571 0.9156932 0.8084896 0.9808429 0.8363691 0.8155571 0.0000000 0.9470083 0.8420949 0.3340816 0.5555519 0.9191343 0.7625308 0.9808429 0.8232384 0.9296872 0.8192785 0.6496037 1.1139393 0.3863398 0.3124740 0.3435108 0.9408631 0.6524512 1.0380797 0.9343520 0.7340546 0.5941428 0.3650949 0.8477453 0.9476009 0.9053277 0.8408130 0.8769249 0.8872858 0.8760516 0.5408709 0.4513042 0.6898355 0.9194788 0.5856207 0.7486034 0.5536269 0.5904847 0.8637187 0.5284663 0.5875234 0.9146040 0.7488949 0.9256907 0.5675605 0.5251377 0.7188908 0.8586201 0.8685870 0.5772836 0.5706334 0.5671793 0.9850620 0.6631475 0.6508825 0.0487316 0.4419127 0.3444707 0.6722730 0.1384652 0.8712694 0.6333778 0.5485195 0.7999518 0.6670655 0.4082836 0.7878072 0.3206451 0.5689212 0.6689538 1.0405186 0.5802272 0.7533277 0.8657195 1.0815574 0.8221921 0.0989406 0.3146947 0.7498744 0.7404012 0.7594180 0.7525539 0.7442124 0.6619363 
