224
GCA_011765465.1_ASM1176546v1                 0.0000000 0.4085383 0.5734656 0.4215706 0.3732598 0.6648127 0.6933749 0.5088392 0.4575845 0.5957100 0.5452840 0.5432181 0.3290915 0.5186805 0.5235961 0.5525655 0.4991414 0.7334135 0.7812985 0.6288879 0.5186805 0.6773070 0.6766550 0.6071726 0.6043977 0.4287919 0.7034767 0.7334135 0.5303128 0.6607365 0.6648127 0.6895362 0.5590070 0.6016439 0.6362000 1.2028065 0.6181989 0.5444283 0.4549580 0.4747327 0.5935793 0.5761136 0.4664551 0.4953561 0.3040683 1.1298403 0.6711348 0.6740492 1.1298403 0.5828816 0.4735144 0.5790791 0.5793947 0.7812985 0.5789659 0.6140063 0.6140063 0.3564683 0.1202172 0.6348990 0.6413560 0.4397565 0.5851636 0.4618116 0.0152835 0.1343346 0.5525655 0.5200075 0.5257842 0.5761136 0.7757481 0.4362917 0.5571624 0.5719045 0.4942618 0.4031079 0.5889885 0.6159411 0.4796075 0.7811683 0.6502000 0.4745740 0.0958964 0.4575845 0.7517629 0.5260600 0.7466416 0.5584145 0.5028507 0.5510786 0.5703673 0.1609374 0.4031079 0.5144022 0.7203699 0.4397565 0.5476766 0.5133687 0.5286672 1.0679005 0.6249876 0.5692115 0.3416616 0.4393566 0.4746119 0.7541189 0.4457230 0.1232751 0.4991414 0.7303455 0.6016439 0.4191355 0.5540496 0.4700164 0.3956230 0.6550750 0.6089821 0.4083829 0.4083829 0.4617083 0.4546420 0.0843673 0.3786250 0.4020154 0.3786250 0.6005502 0.4618116 0.7274911 0.5602670 0.4154040 0.4048321 0.6853325 0.3733469 0.6853325 0.3385291 0.4737749 0.3495960 0.6250657 0.6203139 0.4339640 0.5708167 0.6368312 0.4349776 0.3986948 0.4389111 0.5496479 0.6809977 0.3638874 0.4981788 0.6282755 0.6323810 0.4626752 0.6323810 0.5718563 0.5715099 0.4006838 0.4604514 0.5252015 0.0859662 0.5740376 0.6560740 0.4882111 0.4955353 0.4969506 0.5021515 0.5140486 0.4830157 0.5476990 0.4830157 0.4634433 0.5241392 0.1583524 0.5673131 0.4181825 0.6320157 0.5181591 0.5738990 0.6092627 0.7203699 0.7980722 0.5469005 0.3041189 0.5687440 0.4046770 0.4798661 0.5303128 0.4367484 0.5605079 0.5797534 0.5425859 0.3290915 0.5985680 0.1362433 0.4316694 0.4434730 0.4190716 0.4422243 0.5650858 0.6051107 0.7517629 0.5048288 0.1210692 0.4472295 0.4147313 0.7617316 0.4878129 0.5465074 0.6712011 0.6712011 0.1259673 0.3139645 0.6809977 0.5254344 0.5235961 0.5715099 0.5258923 0.9215363 0.4893168 0.4955353 0.4955353 0.4955353 0.6483692 0.6442663 0.6005762 
GCA_015693905.1_ASM1569390v1                 0.4085383 0.0000000 0.2078836 0.2387260 0.2598942 0.4409723 0.4256231 0.1302775 0.1369284 0.4836320 0.2733961 0.2764574 0.1005023 0.2404311 0.2254215 0.2677442 0.2386242 0.4333232 0.4680012 0.2793467 0.2404311 0.5859261 0.2618801 0.4395850 0.3565745 0.1453208 0.3507588 0.4333232 0.2959429 0.2519354 0.4409723 0.2760895 0.2308491 0.4299715 0.2983472 0.7545798 0.4561345 0.2676957 0.2773305 0.0949180 0.3943010 0.2612379 0.2563460 0.2308444 0.4044034 0.7006051 0.3592615 0.3304734 0.7006051 0.2567179 0.2235874 0.2204492 0.2348140 0.4680012 0.2305721 0.2626869 0.2626869 0.2510740 0.5234480 0.2549730 0.2767354 0.1836382 0.3267935 0.1506272 0.4280814 0.4698982 0.2677442 0.2457473 0.3049148 0.2612379 0.3510361 0.1341140 0.3297050 0.2464537 0.2204156 0.1199204 0.3621334 0.4290724 0.2275243 0.4574925 0.2705367 0.1743825 0.4778595 0.1369284 0.4442263 0.2559128 0.4466078 0.2649047 0.2084194 0.2294547 0.2526640 0.5950977 0.1199204 0.2881354 0.4264282 0.1836382 0.2581276 0.3193549 0.2286681 0.7121227 0.4969549 0.2413979 0.1105799 0.3293357 0.2702658 0.4504610 0.1420931 0.4967048 0.2386242 0.4481998 0.4299715 0.2684463 0.2716250 0.1500559 0.1048648 0.3032372 0.4159213 0.1590407 0.1590407 0.1642963 0.0928598 0.4649114 0.1310843 0.1376182 0.1310843 0.3536466 0.1506272 0.3138387 0.2648337 0.2835944 0.1292192 0.2604265 0.2261338 0.2604265 0.0951219 0.3103894 0.2610929 0.2628171 0.2322136 0.1135541 0.4318933 0.2777190 0.2178552 0.2021661 0.1967092 0.4286931 0.5892163 0.1310366 0.0908562 0.2891571 0.2911938 0.1526814 0.2911938 0.4157793 0.2321942 0.3198874 0.2959988 0.3162233 0.4798005 0.2335011 0.2519437 0.2535109 0.2284740 0.2427575 0.2763849 0.2415644 0.2433638 0.2393352 0.2433638 0.1904999 0.3041905 0.4175789 0.4651665 0.2913083 0.4565866 0.2497047 0.2420644 0.2142866 0.4264282 0.5357569 0.2604350 0.4092313 0.2644746 0.1425350 0.2175323 0.2959429 0.2195857 0.3000564 0.3061862 0.2682722 0.1005023 0.2537749 0.5034853 0.2569845 0.2091352 0.2238616 0.1250699 0.3501484 0.2643631 0.4442263 0.2100652 0.4935648 0.2691786 0.2609919 0.5394450 0.3450589 0.4498966 0.3441745 0.3441745 0.4857028 0.1216260 0.5892163 0.2536288 0.2254215 0.2321942 0.2449029 0.4146129 0.2338619 0.2379373 0.2379373 0.2284740 0.4592599 0.3189830 0.3240285 
GCA_016745215.1_scaff03                      0.5734656 0.2078836 0.0000000 0.3415942 0.3815094 0.4575520 0.4830281 0.2418622 0.2787768 0.5713012 0.2497727 0.2544114 0.2743260 0.2368860 0.2538752 0.2828993 0.2351598 0.4972863 0.6002263 0.3215265 0.2368860 0.7215521 0.1855825 0.5038373 0.4114874 0.2911546 0.3311318 0.4972863 0.2973302 0.1703626 0.4575520 0.1954609 0.2150393 0.4481721 0.2488668 0.6527448 0.5536893 0.2871191 0.4085870 0.1970724 0.4826949 0.2937374 0.3918239 0.2581074 0.6554507 0.7515577 0.3392325 0.2936154 0.7515577 0.2486408 0.2505579 0.2544749 0.3410469 0.6002263 0.1833656 0.3757534 0.3757534 0.3323815 0.6473138 0.2574088 0.2906739 0.3009521 0.3991816 0.2540041 0.5731689 0.6559040 0.2828993 0.3971455 0.4061275 0.2937374 0.2849795 0.2276817 0.4301104 0.3676417 0.3732481 0.2723287 0.4862209 0.4282603 0.2451485 0.6129582 0.2333619 0.2769477 0.6540031 0.2787768 0.4882414 0.2381012 0.5463290 0.2630247 0.2414358 0.2604039 0.2644432 0.6934140 0.2723287 0.2600753 0.5140410 0.3009521 0.2954776 0.4581422 0.2394240 0.7260855 0.4881879 0.2359553 0.2552207 0.4410145 0.3864341 0.5788928 0.2191577 0.6369868 0.2351598 0.4922444 0.4481721 0.3900356 0.2922248 0.2557231 0.2174651 0.2411826 0.4340035 0.2608431 0.2608431 0.2180241 0.2023875 0.5676554 0.2482656 0.2568099 0.2482656 0.4310947 0.2540041 0.2093583 0.3029047 0.3728396 0.2298635 0.2990883 0.3018663 0.2990883 0.2745713 0.3970774 0.3720598 0.2014340 0.2711193 0.2516901 0.3911310 0.2534363 0.3779155 0.3314000 0.2373648 0.4101332 0.7255264 0.2162588 0.2666611 0.2350137 0.2310282 0.2484606 0.2310282 0.4056271 0.2501920 0.4534087 0.3722267 0.4301947 0.6589644 0.1492967 0.1775076 0.2850621 0.2359738 0.2707246 0.3378594 0.2694854 0.3052103 0.2106559 0.3052103 0.2490745 0.4246512 0.6303492 0.3725474 0.3732400 0.5044393 0.2457979 0.2558026 0.1365946 0.5140410 0.6217426 0.2816499 0.5280841 0.3024192 0.2766679 0.2579766 0.2973302 0.2581749 0.2807510 0.3993017 0.2842640 0.2743260 0.2209807 0.6539765 0.3241425 0.3660243 0.3038902 0.2694687 0.4681182 0.2686761 0.4882414 0.2401839 0.7183368 0.3923309 0.3382103 0.6463173 0.4283614 0.4468689 0.3568073 0.3568073 0.6707216 0.2729434 0.7255264 0.4107353 0.2538752 0.2501920 0.2411876 0.3726586 0.2413750 0.2454381 0.2454381 0.2359738 0.5123803 0.2902410 0.2060846 
GCA_019285715.1_ASM1928571v1                 0.4215706 0.2387260 0.3415942 0.0000000 0.1300720 0.4322034 0.4819080 0.3015125 0.2351272 0.4187743 0.2876659 0.2986263 0.2017781 0.1419943 0.2092834 0.2201258 0.1409565 0.4905523 0.5220803 0.2204654 0.1419943 0.5845183 0.3290086 0.3927233 0.3089175 0.2282669 0.3132734 0.4905523 0.3382933 0.3279995 0.4322034 0.3450327 0.2166733 0.3477066 0.3916530 0.8282847 0.3998513 0.2118044 0.1463492 0.2415654 0.4674324 0.2165737 0.1521096 0.2619544 0.4425794 0.5016574 0.2582000 0.2576900 0.5016574 0.2023758 0.1478162 0.2435908 0.2732502 0.5220803 0.3153110 0.3032276 0.3032276 0.1344305 0.4653032 0.2124670 0.2514176 0.1094497 0.3238055 0.1680549 0.4399129 0.5312738 0.2201258 0.3408216 0.3521382 0.2165737 0.2970491 0.2008769 0.2994670 0.3096749 0.2694988 0.2245120 0.3167387 0.3470745 0.1438342 0.5278897 0.2569870 0.1786071 0.4683786 0.2351272 0.5028067 0.2589028 0.4621515 0.1595535 0.1408682 0.2340020 0.2439092 0.5961001 0.2245120 0.3371232 0.5091575 0.1094497 0.2231365 0.3071952 0.2361738 0.5281366 0.4144281 0.1986119 0.1746078 0.3020047 0.1338916 0.5431661 0.1894949 0.5090912 0.1409565 0.4855525 0.3477066 0.1366773 0.2033465 0.1753914 0.2062439 0.2700888 0.3362379 0.2641310 0.2641310 0.2500079 0.2616719 0.4883351 0.2153597 0.2235027 0.2153597 0.4820427 0.1680549 0.3781643 0.2128753 0.1270548 0.2242552 0.2714225 0.1066881 0.2714225 0.1976643 0.1727388 0.1196599 0.3164888 0.2505569 0.2192074 0.4998194 0.2555815 0.1424368 0.0684205 0.1196552 0.4445261 0.5668385 0.1941742 0.2284404 0.2673220 0.2691805 0.1700119 0.2691805 0.3716864 0.2335694 0.2490422 0.2847388 0.4200877 0.5755183 0.2960138 0.3175333 0.2286016 0.2167505 0.2397670 0.2609584 0.2499232 0.1076987 0.2823152 0.1076987 0.1698993 0.2887202 0.5189155 0.5105411 0.1905623 0.4008465 0.1327475 0.2545941 0.2913390 0.5091575 0.4507229 0.2139152 0.2541471 0.2126642 0.2778492 0.1483749 0.3382933 0.2577790 0.3045313 0.1905718 0.2147268 0.2017781 0.1927232 0.4745752 0.1329487 0.1050439 0.1072722 0.2702594 0.4423130 0.2161849 0.5028067 0.1782595 0.4748391 0.1482858 0.1251167 0.4917548 0.3047114 0.4346033 0.3044774 0.3044774 0.5246179 0.1821926 0.5668385 0.3697607 0.2092834 0.2335694 0.1417647 0.4736806 0.2218502 0.2221291 0.2221291 0.2167505 0.4148067 0.2138998 0.4089292 
GCA_019739335.1_ASM1973933v1                 0.3732598 0.2598942 0.3815094 0.1300720 0.0000000 0.4698023 0.5086059 0.2876839 0.2391560 0.4590458 0.2985766 0.3599155 0.1921216 0.2460511 0.3156699 0.2683675 0.2593343 0.5149841 0.5719335 0.3152694 0.2460511 0.6203832 0.3921815 0.4702450 0.3027277 0.2202643 0.3968829 0.5149841 0.3849579 0.4006322 0.4698023 0.3891483 0.3034912 0.4169153 0.4355983 0.8617713 0.4655779 0.2606230 0.1381714 0.2584613 0.5231939 0.2690643 0.1501583 0.2976842 0.4135289 0.6618995 0.3288515 0.3348178 0.6618995 0.2427496 0.2690707 0.3235103 0.3112513 0.5719335 0.2993107 0.3443567 0.3443567 0.0447868 0.4356210 0.2549229 0.2830579 0.1274393 0.2886531 0.2242339 0.3879323 0.4861698 0.2683675 0.3488593 0.3976919 0.2690643 0.4058237 0.2101185 0.3264039 0.3510156 0.3058936 0.2057346 0.4093183 0.4358814 0.2632659 0.5670731 0.3458139 0.2145128 0.4467083 0.2391560 0.5277745 0.2798797 0.5235162 0.2711511 0.2641739 0.3502256 0.3488249 0.5698406 0.2057346 0.3469003 0.5579653 0.1274393 0.2574862 0.3794916 0.3113830 0.6069413 0.4653056 0.2520026 0.1661235 0.3973176 0.1439448 0.5950555 0.2082774 0.4597503 0.2593343 0.5144617 0.4169153 0.0592849 0.2994431 0.2175607 0.2004767 0.3528363 0.4227814 0.2641102 0.2641102 0.2480417 0.2943601 0.4350166 0.1940544 0.2041130 0.1940544 0.5032897 0.2242339 0.4375509 0.2459381 0.0454379 0.2284660 0.2913413 0.1186763 0.2913413 0.1654697 0.1495355 0.0501123 0.3643924 0.2996273 0.2170549 0.5097317 0.3023446 0.1424721 0.1013566 0.1666591 0.4937079 0.6016971 0.1578067 0.2599401 0.3491699 0.3515572 0.2260641 0.3515572 0.4116858 0.3407836 0.2450531 0.2953965 0.4705225 0.5069102 0.3691642 0.3900958 0.2522248 0.2738722 0.2733465 0.2729336 0.2844550 0.1813479 0.3248107 0.1813479 0.1827878 0.3881239 0.5004236 0.5165481 0.1771368 0.4857099 0.2473988 0.3547758 0.3563673 0.5579653 0.5966473 0.2611455 0.2287172 0.2456303 0.2394876 0.2618697 0.3849579 0.3035650 0.3762156 0.1979197 0.2634284 0.1921216 0.2449382 0.4864341 0.1412932 0.1362709 0.1343989 0.2891948 0.4577956 0.2562655 0.5277745 0.2917947 0.4727570 0.1463217 0.1332111 0.6254982 0.2828959 0.4905476 0.3753007 0.3753007 0.5025318 0.1866328 0.6016971 0.3309401 0.3156699 0.3407836 0.2457688 0.5646268 0.2798915 0.2843053 0.2843053 0.2738722 0.4765345 0.2828040 0.4611277 
GCA_000013085.1_ASM1308v1                    0.6648127 0.4409723 0.4575520 0.4322034 0.4698023 0.0000000 0.4474441 0.5155693 0.5385658 0.4200340 0.5850167 0.5177103 0.4186091 0.3141472 0.3430016 0.4251223 0.3118130 0.4583558 0.4937239 0.5416525 0.3141472 0.5560572 0.3625205 0.3787066 0.6037220 0.5211360 0.4734212 0.4583558 0.4357723 0.3735288 0.0000010 0.4368544 0.4374083 0.3870816 0.4591081 1.1072279 0.4082824 0.4067653 0.4112264 0.3868429 0.5474519 0.3866788 0.3891823 0.5115074 0.6469857 1.2167576 0.5581893 0.5523347 1.2167576 0.4058649 0.3228728 0.3822044 0.4347275 0.4937239 0.4616867 0.4572475 0.4572475 0.4694138 0.5866644 0.3850068 0.4909469 0.4414785 0.6232857 0.4339381 0.6413161 0.6311305 0.4251223 0.4847013 0.4985515 0.3866788 0.5206361 0.4571539 0.5867195 0.4656687 0.6217716 0.4361314 0.6282754 0.4049891 0.3441140 0.5414439 0.3635176 0.4108849 0.6348951 0.5385658 0.4499734 0.4623258 0.5102203 0.3484775 0.3277633 0.3961688 0.3892588 0.7829331 0.4361314 0.4551790 0.4557609 0.4414785 0.3951285 0.5084767 0.3992695 1.0595783 0.4316740 0.4123452 0.3753027 0.4394938 0.3954098 0.4755985 0.3797667 0.6405424 0.3118130 0.4861835 0.3870816 0.5432870 0.3974099 0.4104169 0.3731660 0.4945970 0.3917362 0.4985099 0.4985099 0.4659228 0.4483986 0.6031778 0.4077164 0.4202175 0.4077164 0.6093507 0.4339381 0.4978608 0.3793258 0.4793346 0.3858732 0.4989975 0.4550579 0.4989975 0.4589565 0.4504271 0.5064622 0.3827533 0.4791007 0.4698871 0.4602137 0.4724390 0.3748541 0.3624232 0.4094237 0.4574116 0.5395120 0.3953579 0.4512101 0.4880036 0.4872476 0.4396500 0.4872476 0.3872139 0.3855727 0.5274660 0.4395441 0.5630611 0.7934151 0.3501132 0.3653063 0.4838887 0.4471004 0.5114565 0.5115885 0.4914034 0.3653529 0.4826319 0.3653529 0.3492822 0.4746150 0.8114173 0.4690125 0.4641563 0.4217668 0.3249465 0.3855196 0.4005595 0.4557609 0.9965000 0.4109253 0.5090104 0.3785329 0.4753449 0.3217863 0.4357723 0.4981097 0.6336458 0.5316583 0.3807344 0.4186091 0.4473495 0.7807603 0.3933804 0.3453953 0.3425193 0.4856274 0.5684441 0.4555258 0.4499734 0.3291657 0.5627255 0.3888153 0.3778713 0.9534456 0.5774379 0.4564125 0.5461441 0.5461441 0.6439354 0.4532114 0.5395120 0.4627851 0.3430016 0.3855727 0.3192775 0.7682946 0.4558917 0.4494014 0.4494014 0.4471004 0.4081788 0.3988347 0.5125611 
GCA_000013365.1_ASM1336v1                    0.6933749 0.4256231 0.4830281 0.4819080 0.5086059 0.4474441 0.0000000 0.4743254 0.5407194 0.2423323 0.6038515 0.4373019 0.4237901 0.4504528 0.4233017 0.4917887 0.4471232 0.0492825 0.5118402 0.4639019 0.4504528 0.6378561 0.4860254 0.2311706 0.6563218 0.5303399 0.4435599 0.0492825 0.4545645 0.4112483 0.4474441 0.4967821 0.3995212 0.1903658 0.5335967 1.0998677 0.2311906 0.4714168 0.4694476 0.3939629 0.5511744 0.5070132 0.4683082 0.4488992 0.6186433 1.2244566 0.5389525 0.4486416 1.2244566 0.4533659 0.4356221 0.5161620 0.4724480 0.5118402 0.4543816 0.5176219 0.5176219 0.4985232 0.7193901 0.4797459 0.4222370 0.4741063 0.5735372 0.4418333 0.6925116 0.6651181 0.4917887 0.5099334 0.5051763 0.5070132 0.5167843 0.4914977 0.5468201 0.4907456 0.4930778 0.4448491 0.6377038 0.1798762 0.4293403 0.5035833 0.4624019 0.4515438 0.6675835 0.5407194 0.0521669 0.4271992 0.5355112 0.4577744 0.4256437 0.4965344 0.5122708 0.8339117 0.4448491 0.4985671 0.4696027 0.4741063 0.4407903 0.5574488 0.4723798 1.2987987 0.2978433 0.4188113 0.4572341 0.4566827 0.5186075 0.4931469 0.3836265 0.6696233 0.4471232 0.0414062 0.1903658 0.4457647 0.5166241 0.4044453 0.4124843 0.6024572 0.1800092 0.4628687 0.4628687 0.4439113 0.4300107 0.7291213 0.4057862 0.4182483 0.4057862 0.6435809 0.4418333 0.5064847 0.4511548 0.5326677 0.3403698 0.4223038 0.4770834 0.4223038 0.4310643 0.5207013 0.4619465 0.4258180 0.4892888 0.4404336 0.4217053 0.4460644 0.4843598 0.4679569 0.4355430 0.3993912 0.6413370 0.4384366 0.4768020 0.5787046 0.5813647 0.4333025 0.5813647 0.1820935 0.4702501 0.5414950 0.4715277 0.5162237 0.8910707 0.3849973 0.4832879 0.4437920 0.3816784 0.4854071 0.5176870 0.4662801 0.4842596 0.4442829 0.4842596 0.4314492 0.5348255 0.6860672 0.4469864 0.5880647 0.2303165 0.4645182 0.5143338 0.3774197 0.4696027 0.8496926 0.4721531 0.5172858 0.4336363 0.4376545 0.4305554 0.4545645 0.4802651 0.5185815 0.5522391 0.4815609 0.4237901 0.4557207 0.7893094 0.5541680 0.4303995 0.4288214 0.4392161 0.5600977 0.5032151 0.0521669 0.4584046 0.6578104 0.4892615 0.5332829 0.8285680 0.4774995 0.2968290 0.6476154 0.6476154 0.6555444 0.4289391 0.6413370 0.5271971 0.4233017 0.4702501 0.4569713 0.6826067 0.3893339 0.3946361 0.3946361 0.3816784 0.2376377 0.4214734 0.5523762 
GCA_000013565.1_ASM1356v1                    0.5088392 0.1302775 0.2418622 0.3015125 0.2876839 0.5155693 0.4743254 0.0000000 0.1481102 0.5520311 0.3052072 0.2918074 0.1604614 0.2747590 0.2895288 0.3383776 0.2686733 0.4826833 0.5224109 0.3277281 0.2747590 0.6344068 0.3305888 0.5341130 0.4172747 0.1473134 0.3400453 0.4826833 0.3656977 0.2948876 0.5155693 0.3429938 0.2677964 0.4778507 0.3399025 0.7748107 0.5393108 0.3213120 0.3277006 0.0655828 0.4548875 0.3291783 0.3122973 0.2521885 0.6247859 0.8351311 0.3028608 0.2839446 0.8351311 0.2647637 0.2847680 0.2682225 0.2319746 0.5224109 0.3082564 0.2584380 0.2584380 0.2979230 0.5823653 0.2848933 0.2680676 0.2435050 0.3707598 0.2310747 0.5319781 0.6252432 0.3383776 0.3184281 0.3859437 0.3291783 0.3543560 0.1536913 0.4050899 0.2578914 0.3017431 0.1118674 0.4182768 0.4876945 0.2556768 0.5212951 0.3967115 0.2508563 0.6085585 0.1481102 0.4946518 0.2779955 0.5029852 0.2711310 0.2870423 0.2877070 0.3047033 0.6548751 0.1118674 0.3261016 0.5026044 0.2435050 0.2635871 0.3671291 0.3388169 0.7945108 0.5747028 0.2841675 0.1379772 0.4571015 0.3635083 0.5436111 0.2173929 0.5919834 0.2686733 0.4778507 0.4778507 0.3149130 0.3398778 0.2383743 0.1335263 0.3279970 0.4682795 0.1596758 0.1596758 0.1475072 0.1300931 0.5354995 0.1626491 0.1679062 0.1626491 0.4307757 0.2310747 0.3379025 0.2703814 0.3241082 0.1388689 0.2749420 0.2424810 0.2749420 0.1622146 0.3367317 0.2962158 0.3363600 0.3397313 0.1323961 0.4615042 0.2765608 0.2741458 0.2319032 0.2768769 0.5460225 0.6378900 0.1613040 0.1735068 0.3212327 0.3234755 0.2328892 0.3234755 0.4415020 0.2912139 0.3124145 0.4146573 0.3836162 0.6532019 0.2784328 0.3190431 0.2198627 0.2537730 0.2647120 0.2592770 0.2634154 0.2580553 0.2546550 0.2580553 0.2186865 0.3594858 0.5516538 0.5273068 0.3212505 0.5250656 0.2563592 0.3160299 0.2251576 0.5026044 0.7213285 0.3296765 0.4304895 0.2700057 0.1721310 0.2627504 0.3656977 0.2650808 0.3239626 0.3093623 0.3121599 0.1604614 0.2813704 0.5704002 0.2703250 0.2910756 0.2842673 0.2041046 0.4168955 0.2495149 0.4946518 0.2747410 0.6340156 0.3293400 0.2743803 0.7452559 0.4312066 0.5779048 0.2981842 0.2981842 0.6397820 0.1472761 0.6378900 0.3020099 0.2895288 0.2912139 0.2744719 0.4432588 0.2594653 0.2636947 0.2636947 0.2537730 0.5492860 0.3964763 0.3674947 
GCA_000014045.1_ASM1404v1                    0.4575845 0.1369284 0.2787768 0.2351272 0.2391560 0.5385658 0.5407194 0.1481102 0.0000000 0.6172236 0.2539175 0.4089201 0.0927000 0.2966188 0.2886264 0.3317431 0.2903304 0.5741235 0.5060941 0.3414663 0.2966188 0.6248501 0.3134620 0.6172770 0.3951888 0.0086352 0.3081386 0.5741235 0.3558844 0.3032491 0.5385658 0.3732302 0.2814990 0.5302974 0.3862621 0.9314485 0.5933101 0.3305327 0.3132560 0.0919197 0.4350900 0.3295662 0.3190837 0.2726654 0.5233922 0.7584432 0.3497273 0.3278102 0.7584432 0.2491685 0.3068799 0.2787288 0.2398575 0.5060941 0.3130685 0.2615340 0.2615340 0.2497123 0.4859413 0.2636357 0.2960149 0.1751717 0.3148849 0.2128595 0.4637692 0.5324796 0.3317431 0.2625147 0.3215982 0.3295662 0.3417801 0.0668423 0.3441237 0.2667067 0.1936532 0.0710828 0.3624038 0.5290813 0.3019366 0.5048780 0.3839907 0.2579176 0.4841390 0.0000010 0.5884183 0.2991083 0.5340491 0.3296263 0.2824912 0.3017234 0.3156295 0.6116419 0.0710828 0.3766777 0.4571895 0.1751717 0.3458426 0.3830489 0.3538194 0.7095585 0.6261056 0.2729898 0.0795490 0.4064647 0.3011527 0.4872741 0.2020455 0.4909019 0.2903304 0.5501610 0.5302974 0.2999671 0.3408477 0.2122249 0.1076183 0.3984207 0.5137416 0.1181307 0.1181307 0.1088883 0.1413866 0.5012626 0.1214880 0.1258934 0.1214880 0.4122821 0.2128595 0.3739590 0.3541679 0.2746508 0.0881870 0.3036752 0.2243402 0.3036752 0.0893331 0.3153659 0.2685600 0.3584272 0.3427269 0.0375693 0.6007739 0.2886147 0.2469576 0.2048259 0.2620422 0.5087014 0.6293899 0.1051777 0.1330568 0.3810962 0.3837206 0.2147154 0.3837206 0.5018453 0.3019709 0.2944900 0.3928473 0.3446144 0.6209265 0.3157027 0.3023346 0.2575256 0.2483565 0.2735950 0.2717966 0.2844468 0.2532239 0.3311761 0.2532239 0.2248113 0.3438466 0.4976496 0.6082011 0.3204426 0.5988723 0.3026569 0.3177812 0.2851564 0.4571895 0.5672353 0.3233323 0.3565742 0.3534962 0.1221638 0.3056332 0.3558844 0.2979166 0.3550657 0.3437909 0.3311218 0.0927000 0.2834869 0.5081983 0.2511477 0.2778550 0.2580895 0.1521548 0.3454392 0.2446751 0.5884183 0.2646054 0.5389200 0.3194886 0.2550744 0.6107956 0.4014173 0.5267657 0.3709008 0.3709008 0.5306590 0.0794080 0.6293899 0.2605947 0.2886264 0.3019709 0.3015104 0.5178791 0.2539403 0.2581040 0.2581040 0.2483565 0.6309458 0.3804580 0.4028906 
GCA_000015165.1_ASM1516v1                    0.5957100 0.4836320 0.5713012 0.4187743 0.4590458 0.4200340 0.2423323 0.5520311 0.6172236 0.0000000 0.5865929 0.4121483 0.5035097 0.3765180 0.4110072 0.3910588 0.3737170 0.2323849 0.5170185 0.4871096 0.3765180 0.5820341 0.4639732 0.0214734 0.5411335 0.5794911 0.5352467 0.2323849 0.5131818 0.4459627 0.4200340 0.5362792 0.4411204 0.1235281 0.4938034 0.9644916 0.0104938 0.3723978 0.4527494 0.4866530 0.5210049 0.3858870 0.4536550 0.4948344 0.6861878 0.8884308 0.4726500 0.4603586 0.8884308 0.4180584 0.3781366 0.5008705 0.3998799 0.5170185 0.5709744 0.4286826 0.4286826 0.3935068 0.5934347 0.4448649 0.4372291 0.4293367 0.4983764 0.4497327 0.6241168 0.5131139 0.3910588 0.4591837 0.4755683 0.3858870 0.5268552 0.5870139 0.4470097 0.4468581 0.5472339 0.4855926 0.5905094 0.1316808 0.3788513 0.5611791 0.4736675 0.4128124 0.5897611 0.6172236 0.2385373 0.4302683 0.4999270 0.4276146 0.3750350 0.4885625 0.4906950 0.7086937 0.4855926 0.5552661 0.5059283 0.4293367 0.4429251 0.3790483 0.4204657 0.9287675 0.0698234 0.4403467 0.4624042 0.4196546 0.4076554 0.4982494 0.3917061 0.5450540 0.3737170 0.2407161 0.1235281 0.3861658 0.3952990 0.4206719 0.4667035 0.5371225 0.1327469 0.5115097 0.5115097 0.4681911 0.5152403 0.6282659 0.4703353 0.4845906 0.4703353 0.5493867 0.4497327 0.5689370 0.4534783 0.4699430 0.4080585 0.4105341 0.4099531 0.4105341 0.5065659 0.5038726 0.3640504 0.5162808 0.4228165 0.5351698 0.2834763 0.4504028 0.3888853 0.4304273 0.4134621 0.3157566 0.5852505 0.4787703 0.4674722 0.5326081 0.5350417 0.4476506 0.5350417 0.1238243 0.4621574 0.3579770 0.3806978 0.5682261 0.7435828 0.4543379 0.4491501 0.4538249 0.3728961 0.5349283 0.4655170 0.5138385 0.3896147 0.3826131 0.3896147 0.3873793 0.4136367 0.6333977 0.3520105 0.5635942 0.0240693 0.3888017 0.4857102 0.4794705 0.5059283 0.8813806 0.3748869 0.4620736 0.4523356 0.5230358 0.3630668 0.5131818 0.4450851 0.5491612 0.6406136 0.3779416 0.5035097 0.4298763 0.6463629 0.4516535 0.3878995 0.3987455 0.4902476 0.5698949 0.4511221 0.2385373 0.3884686 0.5331648 0.4657539 0.4343891 0.8085432 0.3950542 0.2620448 0.5752792 0.5752792 0.5616591 0.4929440 0.5852505 0.4515575 0.4110072 0.4621574 0.3822848 0.6810798 0.3804140 0.3746936 0.3746936 0.3728961 0.0194417 0.3814111 0.6225830 
GCA_000015585.1_ASM1558v1                    0.5452840 0.2733961 0.2497727 0.2876659 0.2985766 0.5850167 0.6038515 0.3052072 0.2539175 0.5865929 0.0000000 0.3074451 0.2545001 0.2784534 0.2712953 0.2735308 0.2724445 0.5491886 0.8139234 0.2437320 0.2784534 0.9880625 0.3045224 0.5768638 0.5072359 0.2656910 0.4414032 0.5491886 0.3867752 0.2899596 0.5850167 0.2823430 0.2087381 0.5438922 0.4173081 0.7830032 0.5645822 0.2770489 0.4120090 0.2277606 0.7295405 0.2831612 0.4107592 0.2541041 0.5701688 0.6586845 0.3323657 0.3234851 0.6586845 0.2375656 0.2849084 0.2877419 0.4451038 0.8139234 0.2257818 0.4878309 0.4878309 0.3093341 0.5913605 0.2679067 0.2899511 0.2664502 0.3543129 0.2121480 0.5575035 0.5918313 0.2735308 0.4880372 0.5567071 0.2831612 0.3412616 0.2542068 0.5389279 0.4877490 0.3842048 0.2539536 0.5934300 0.5313746 0.2835510 0.8005035 0.3192275 0.2561416 0.5881196 0.2539175 0.5629251 0.2568150 0.6514360 0.3048976 0.2743827 0.3055666 0.3089853 0.6962671 0.2539536 0.3689953 0.7371086 0.2664502 0.3435575 0.6012282 0.2873177 0.6251726 0.5465217 0.2517517 0.2333394 0.4624834 0.3471853 0.7851602 0.2198517 0.5670284 0.2724445 0.5434951 0.5438922 0.3280293 0.2993850 0.2034937 0.2650519 0.2988922 0.4987118 0.3028287 0.3028287 0.3040231 0.2747377 0.6304897 0.2870318 0.2842714 0.2870318 0.6550508 0.2121480 0.3390600 0.3521363 0.3107772 0.3046551 0.2848238 0.2853285 0.2848238 0.2225903 0.3844083 0.3356216 0.3022996 0.3116457 0.2533463 0.5216306 0.2605891 0.3297227 0.2612622 0.2903632 0.4612353 0.9942464 0.2776098 0.3068659 0.2964343 0.2978612 0.2072090 0.2978612 0.5039295 0.3058531 0.3576565 0.4646068 0.5358031 0.6409137 0.2439256 0.3103921 0.2945225 0.2638587 0.2769823 0.3313186 0.2652197 0.3485141 0.2583708 0.3485141 0.3079228 0.5513000 0.5864511 0.5087472 0.3685435 0.5524199 0.2842529 0.3032511 0.2602125 0.7371086 0.6077342 0.2772703 0.4277015 0.3514490 0.2816993 0.2868629 0.3867752 0.3251692 0.3945027 0.4019900 0.2719709 0.2545001 0.2602559 0.5935020 0.3320666 0.3591054 0.3191054 0.3542343 0.6195539 0.2404344 0.5629251 0.2570541 0.6549424 0.4039630 0.3300194 0.6327133 0.5315208 0.5381658 0.4195372 0.4195372 0.6130820 0.2529487 0.9942464 0.4590594 0.2712953 0.3058531 0.2831752 0.5351630 0.2696369 0.2739017 0.2739017 0.2638587 0.5745947 0.3518277 0.3362104 
GCA_000016185.1_ASM1618v1                    0.5432181 0.2764574 0.2544114 0.2986263 0.3599155 0.5177103 0.4373019 0.2918074 0.4089201 0.4121483 0.3074451 0.0000000 0.3153120 0.2047583 0.2102398 0.2313565 0.2032373 0.4231745 0.6978667 0.2163612 0.2047583 0.7418761 0.3147088 0.4062650 0.3988215 0.4136957 0.3789912 0.4231745 0.3301963 0.3326248 0.5177103 0.3085237 0.2226441 0.3980701 0.3278604 0.6189976 0.3976508 0.2279934 0.3214206 0.3188654 0.5077763 0.2245207 0.3038218 0.2207061 0.5803653 0.7741834 0.2605772 0.2539383 0.7741834 0.1877950 0.1942669 0.2183979 0.3964507 0.6978667 0.2534578 0.4250603 0.4250603 0.3163332 0.6923554 0.2431371 0.2333498 0.2236203 0.3652546 0.2141700 0.5408889 0.6004767 0.2313565 0.4656948 0.4768591 0.2245207 0.3132830 0.3449872 0.3951558 0.4125976 0.4466697 0.3628709 0.5271981 0.4087688 0.1744052 0.6637083 0.2778182 0.1991789 0.6217995 0.4089201 0.4337475 0.1871313 0.5638273 0.1606910 0.1797527 0.2171885 0.2169574 0.6933818 0.3628709 0.2612297 0.6707607 0.2236203 0.2087103 0.4523563 0.1970897 0.7733695 0.3870743 0.2040146 0.3212386 0.3859441 0.2899834 0.7255628 0.2083196 0.6813530 0.2032373 0.4372145 0.3980701 0.3014877 0.2331931 0.2041129 0.3315977 0.1836678 0.3955420 0.3548895 0.3548895 0.3790664 0.3057027 0.5440145 0.3169303 0.3272403 0.3169303 0.6057571 0.2141700 0.3308667 0.2144595 0.3399849 0.3646511 0.2287184 0.2812761 0.2287184 0.3019991 0.3267449 0.2913818 0.3010702 0.2038144 0.3963303 0.3372132 0.1997590 0.2433598 0.2865223 0.2786107 0.3794693 0.7459903 0.3066974 0.3337763 0.1628056 0.1671460 0.2092432 0.1671460 0.3901363 0.2025913 0.3597235 0.3396024 0.5055064 0.6913153 0.2989420 0.3035873 0.1814104 0.1883429 0.2419351 0.2309696 0.2310529 0.2576474 0.1221247 0.2576474 0.2597734 0.3888919 0.5674680 0.4360215 0.2794352 0.4171799 0.1930521 0.2157204 0.2868057 0.6707607 0.6443510 0.2253289 0.4999517 0.2142438 0.3408887 0.1603799 0.3301963 0.1722580 0.2047360 0.3596462 0.2099772 0.3153120 0.2232825 0.5820883 0.2561231 0.2906730 0.2247895 0.3548498 0.5810665 0.2119680 0.4337475 0.1974191 0.6158607 0.3182916 0.2447023 0.6027852 0.3729872 0.4503860 0.2743447 0.2743447 0.6520460 0.3163689 0.7459903 0.4590459 0.2102398 0.2025913 0.2044850 0.3942082 0.1847218 0.1808247 0.1808247 0.1883429 0.4115398 0.2253635 0.3204382 
GCA_000018145.1_ASM1814v1                    0.3290915 0.1005023 0.2743260 0.2017781 0.1921216 0.4186091 0.4237901 0.1604614 0.0927000 0.5035097 0.2545001 0.3153120 0.0000000 0.2581504 0.2567736 0.2904841 0.2562377 0.4585081 0.3978515 0.2906279 0.2581504 0.5109053 0.2743262 0.4719335 0.3328793 0.0802489 0.3241626 0.4585081 0.2700064 0.2643687 0.4186091 0.3020748 0.2465896 0.4476267 0.3072411 0.8420800 0.4813535 0.2900208 0.2430001 0.1094267 0.4261914 0.2883297 0.2380223 0.1950875 0.3692432 0.7260177 0.3179303 0.3243631 0.7260177 0.1934366 0.2502317 0.2317355 0.2459242 0.3978515 0.2573597 0.2738334 0.2738334 0.1963237 0.4102559 0.1951824 0.2754320 0.1420339 0.3180377 0.1736412 0.3455891 0.4010218 0.2904841 0.2075578 0.3373586 0.2883297 0.3126805 0.0712681 0.3433550 0.2577227 0.1974370 0.0744880 0.3189547 0.4679052 0.2447552 0.3807172 0.2969241 0.1985214 0.3812455 0.0927000 0.4699516 0.2228956 0.3954302 0.2730922 0.2232342 0.2538090 0.2645398 0.4713584 0.0744880 0.3096192 0.3504450 0.1420339 0.2947308 0.2881537 0.2846413 0.6985773 0.4781284 0.1904553 0.0396920 0.3164764 0.2555460 0.3824586 0.1562912 0.4048493 0.2562377 0.4348006 0.4476267 0.2349518 0.2990604 0.1805031 0.0799178 0.3347060 0.4539334 0.0922787 0.0922787 0.1199712 0.1033820 0.3707882 0.0692983 0.0747155 0.0692983 0.3621099 0.1736412 0.3308673 0.3021621 0.2288798 0.0886112 0.2803885 0.1768128 0.2803885 0.0509214 0.2647228 0.1952833 0.2931891 0.2383294 0.0751979 0.5327493 0.2376953 0.1959982 0.1569453 0.2154740 0.4387304 0.5138439 0.0754883 0.1220903 0.3196506 0.3218727 0.1756171 0.3218727 0.4330769 0.2535685 0.2733350 0.3120678 0.2990340 0.4619959 0.2764722 0.2641537 0.2164206 0.1979525 0.1957651 0.2377076 0.2046534 0.2026266 0.2878750 0.2026266 0.1862699 0.3150556 0.3495958 0.5781442 0.2666493 0.4858218 0.2676725 0.2759552 0.2517272 0.3504450 0.4873903 0.2828332 0.3102203 0.3016781 0.0716381 0.2407921 0.2700064 0.2352979 0.2926905 0.2884379 0.2906014 0.0000010 0.2200086 0.3719922 0.1958272 0.2174235 0.2007785 0.1210379 0.3549514 0.2065104 0.4699516 0.2419850 0.4056525 0.2501760 0.1994398 0.5340602 0.3194434 0.4060612 0.2854070 0.2854070 0.3957034 0.0482085 0.5138439 0.1943228 0.2567736 0.2535685 0.2627257 0.5524095 0.2027816 0.2065212 0.2065212 0.1979525 0.4910773 0.3183388 0.3428322 
GCA_000018845.1_ASM1884v1                    0.5186805 0.2404311 0.2368860 0.1419943 0.2460511 0.3141472 0.4504528 0.2747590 0.2966188 0.3765180 0.2784534 0.2047583 0.2581504 0.0000000 0.0870947 0.1012561 0.0084411 0.4420698 0.5642585 0.2134227 0.0000010 0.6265018 0.2317381 0.3222160 0.2944894 0.2891659 0.3047117 0.4420698 0.2491709 0.2386772 0.3141472 0.2435316 0.1910286 0.2742752 0.3253095 0.6851825 0.3585589 0.0889066 0.2382980 0.2214904 0.4384771 0.0970831 0.2336106 0.2254274 0.6792557 0.7153735 0.2822836 0.2554837 0.7153735 0.1783176 0.0150353 0.1024691 0.3394547 0.5642585 0.2401545 0.3740191 0.3740191 0.2516269 0.5796197 0.1871599 0.1974804 0.2054775 0.2785355 0.1745585 0.5287115 0.6249879 0.1012561 0.3563419 0.3531664 0.0970831 0.2688622 0.2354647 0.3324176 0.3738452 0.3851684 0.2638760 0.4003197 0.2676443 0.0220516 0.5769043 0.2142383 0.1867306 0.6212096 0.2966188 0.4531581 0.1727402 0.4980339 0.0498323 0.0313180 0.0891196 0.1002549 0.6451882 0.2638760 0.2666060 0.5112336 0.2054775 0.1559920 0.3712348 0.1797364 0.6818143 0.3233452 0.1660242 0.2245240 0.2850986 0.1858081 0.5440056 0.1781079 0.6586923 0.0084411 0.4567479 0.2742752 0.2205081 0.0921031 0.1858852 0.2527058 0.1580709 0.2673001 0.2726407 0.2726407 0.2704731 0.2384839 0.5274524 0.2407794 0.2492944 0.2407794 0.4215933 0.1745585 0.3106326 0.1474757 0.2533937 0.2677236 0.2146700 0.1948867 0.2146700 0.2553669 0.2627696 0.2418443 0.2616647 0.1874998 0.2787704 0.3353309 0.2165109 0.2110989 0.1558178 0.1572652 0.3355628 0.6076256 0.2067842 0.2436183 0.1521423 0.1562843 0.1737077 0.1562843 0.2745466 0.0960659 0.3334228 0.2378470 0.4049104 0.6866422 0.2330243 0.2227378 0.1810062 0.1630892 0.2249949 0.1988290 0.2145123 0.1368238 0.1564700 0.1368238 0.2035648 0.3078508 0.6198911 0.3585723 0.2344342 0.3320374 0.0128490 0.1004063 0.2107743 0.5112336 0.5101746 0.0945036 0.3752378 0.1473998 0.2916961 0.0374047 0.2491709 0.2064527 0.2848774 0.2458461 0.0827741 0.2581504 0.1550577 0.5906264 0.2059146 0.2031642 0.1668293 0.2779404 0.4334021 0.1446080 0.4531581 0.0667828 0.5545381 0.2353484 0.1960305 0.5591000 0.3214591 0.3387878 0.2685862 0.2685862 0.6941165 0.2368651 0.6076256 0.3846421 0.0870947 0.0960659 0.0020769 0.4064416 0.1674379 0.1676925 0.1676925 0.1630892 0.3410296 0.1488141 0.3318536 
GCA_000019365.1_ASM1936v1                    0.5235961 0.2254215 0.2538752 0.2092834 0.3156699 0.3430016 0.4233017 0.2895288 0.2886264 0.4110072 0.2712953 0.2102398 0.2567736 0.0870947 0.0000000 0.1819630 0.0804092 0.4153020 0.5913623 0.1904067 0.0870947 0.5710396 0.2443634 0.3526793 0.3307795 0.3016915 0.3229946 0.4153020 0.2495001 0.2346861 0.3430016 0.2610574 0.1686248 0.3109833 0.3143175 0.6726104 0.3920311 0.1821379 0.3158588 0.2345534 0.4429540 0.1701188 0.3000798 0.2389425 0.6123409 0.7482511 0.2341992 0.2424535 0.7482511 0.1452207 0.0770688 0.0687257 0.3642187 0.5913623 0.2503361 0.3839306 0.3839306 0.3076787 0.6400614 0.1908278 0.1587713 0.2237529 0.3272427 0.1834486 0.5337893 0.5595174 0.1819630 0.3570585 0.3632710 0.1701188 0.2334179 0.2562799 0.3070083 0.3630247 0.3986723 0.2719716 0.4278474 0.3104383 0.0739469 0.5611961 0.2249272 0.1771991 0.5668399 0.2886264 0.4257719 0.1945542 0.5010803 0.0769946 0.0772974 0.0694750 0.0665184 0.7241790 0.2719716 0.3013894 0.5358728 0.2237529 0.2196502 0.3902208 0.1870882 0.7476438 0.3359421 0.1532425 0.2471826 0.3169674 0.2600141 0.5701451 0.1789619 0.6485714 0.0804092 0.4331481 0.3109833 0.2808425 0.1784614 0.1852269 0.2525949 0.1691581 0.2996004 0.2521823 0.2521823 0.2839150 0.2513980 0.5403788 0.2133428 0.2344085 0.2133428 0.4718421 0.1834486 0.3068160 0.2257857 0.3339976 0.2531947 0.1740191 0.1954750 0.1740191 0.2516839 0.2936444 0.3093701 0.2562812 0.1740191 0.2869173 0.3759922 0.1989018 0.2588806 0.2125543 0.2119485 0.3574551 0.5742612 0.2518893 0.2491537 0.1722199 0.1686670 0.1825422 0.1686670 0.3417183 0.0695219 0.3515607 0.2840364 0.4082332 0.6734417 0.2210600 0.2348537 0.1923084 0.1534024 0.2620740 0.2156229 0.2501912 0.2057886 0.2010119 0.2057886 0.2412797 0.3369691 0.5876516 0.4101884 0.3231306 0.3725719 0.0869658 0.0670429 0.2217129 0.5358728 0.4828888 0.1812371 0.4351265 0.2255332 0.2471440 0.0753204 0.2495001 0.2221053 0.2819579 0.2758158 0.1656624 0.2567736 0.1709818 0.5768839 0.2410107 0.2593336 0.2150972 0.2871636 0.4436155 0.1366640 0.4257719 0.0721408 0.6087935 0.2944640 0.2352567 0.4993334 0.3309329 0.3413335 0.3136201 0.3136201 0.6538689 0.2132440 0.5742612 0.3617863 0.0000010 0.0695219 0.0901071 0.4379014 0.1577412 0.1579961 0.1579961 0.1534024 0.3730185 0.1767099 0.3257801 
GCA_000019725.1_ASM1972v1                    0.5525655 0.2677442 0.2828993 0.2201258 0.2683675 0.4251223 0.4917887 0.3383776 0.3317431 0.3910588 0.2735308 0.2313565 0.2904841 0.1012561 0.1819630 0.0000000 0.1147418 0.4677459 0.6539742 0.2319724 0.1012561 0.6748399 0.2591255 0.3778212 0.3540267 0.3239127 0.3383834 0.4677459 0.2673423 0.2626425 0.4251223 0.2728193 0.2244964 0.3398771 0.3760894 0.7255239 0.3827580 0.0297499 0.2949844 0.2646541 0.5540455 0.0227990 0.2834825 0.2609303 0.7164545 0.7518163 0.3546957 0.3181134 0.7518163 0.2332343 0.1181170 0.1550369 0.3508209 0.6539742 0.2489648 0.3652116 0.3652116 0.2551586 0.7251629 0.2206009 0.2619408 0.2509988 0.3132236 0.1823818 0.6015136 0.6813227 0.0000010 0.3837156 0.4320283 0.0227990 0.3579062 0.2887868 0.4171385 0.3941313 0.3725614 0.3172794 0.5083188 0.3320403 0.1175252 0.6364363 0.2404044 0.2053456 0.6807555 0.3317431 0.4794847 0.2122173 0.5936636 0.1634503 0.1178978 0.1525256 0.1536473 0.7235613 0.3172794 0.3247839 0.5817604 0.2509988 0.2386782 0.4164686 0.2278392 0.8193769 0.4115296 0.2442600 0.2577315 0.3281042 0.2084580 0.6305321 0.1757802 0.7335949 0.1147418 0.4832171 0.3398771 0.2475483 0.0397000 0.1858474 0.2924800 0.2552099 0.3315885 0.3256658 0.3256658 0.3101788 0.3126542 0.6104358 0.2372624 0.2243535 0.2372624 0.4496901 0.1823818 0.2921325 0.2452198 0.2699655 0.2932963 0.2447113 0.2079273 0.2447113 0.2535391 0.2827373 0.2541499 0.3115172 0.2369309 0.3131429 0.3854353 0.2526532 0.2404464 0.2496851 0.2020530 0.3791816 0.6785934 0.2480417 0.2692181 0.2548062 0.2506316 0.1779128 0.2506316 0.3328807 0.1587628 0.2868084 0.2767986 0.4954079 0.6797153 0.2694837 0.2578734 0.2018949 0.2179416 0.2851484 0.2353215 0.2726838 0.2391722 0.1617402 0.2391722 0.2343409 0.3680770 0.6803551 0.4098240 0.3020366 0.4008785 0.1223046 0.1582969 0.2516796 0.5817604 0.6057562 0.0155257 0.4086776 0.2449101 0.3186847 0.1346059 0.2673423 0.2176326 0.3245575 0.2268189 0.0249055 0.2904841 0.2238281 0.6630558 0.2550818 0.2214732 0.2302561 0.3553464 0.5062863 0.2130835 0.4794847 0.1347445 0.6791137 0.2838415 0.2435607 0.6157190 0.3676651 0.4135663 0.3851319 0.3851319 0.7568002 0.2828907 0.6785934 0.4050437 0.1819630 0.1587628 0.1044221 0.4313824 0.2231484 0.2188493 0.2188493 0.2179416 0.3827115 0.2125908 0.3657855 
GCA_000019945.1_ASM1994v1                    0.4991414 0.2386242 0.2351598 0.1409565 0.2593343 0.3118130 0.4471232 0.2686733 0.2903304 0.3737170 0.2724445 0.2032373 0.2562377 0.0084411 0.0804092 0.1147418 0.0000000 0.4387972 0.5602062 0.2083798 0.0084411 0.6031863 0.2300684 0.3198290 0.2804299 0.2829549 0.3024466 0.4387972 0.2430692 0.2369190 0.3118130 0.2417396 0.1896075 0.2722215 0.3228901 0.6725485 0.3558693 0.1015684 0.2365463 0.2163053 0.4217433 0.1102897 0.2318786 0.2197740 0.6742900 0.7018947 0.2756841 0.2535575 0.7018947 0.1769738 0.0063188 0.1127302 0.3369681 0.5602062 0.2384184 0.3712869 0.3712869 0.2722707 0.5418347 0.1857459 0.2158005 0.2039409 0.2963944 0.1700820 0.5089247 0.5842133 0.1147418 0.3537212 0.3505614 0.1102897 0.2668269 0.2337330 0.3187429 0.3711114 0.3823126 0.2580254 0.3852995 0.2656430 0.0129727 0.5727215 0.2088364 0.1772855 0.6091772 0.2903304 0.4497963 0.1682808 0.4883891 0.0443311 0.0289235 0.0988401 0.1105013 0.6328373 0.2580254 0.2646167 0.5075212 0.2039409 0.1517728 0.3685077 0.1705681 0.6691022 0.3209120 0.1647679 0.2228539 0.2830010 0.2031986 0.5400857 0.1736013 0.6407384 0.0000010 0.4533656 0.2722215 0.2396633 0.1049258 0.1812637 0.2414540 0.1568977 0.2653028 0.2608179 0.2608179 0.2646592 0.2367107 0.5236809 0.2299123 0.2299123 0.2299123 0.4057989 0.1700820 0.3041369 0.1433883 0.2669869 0.2618436 0.2340469 0.1934180 0.2340469 0.2496278 0.2423955 0.2619704 0.2597443 0.1823019 0.2727112 0.3328243 0.2109846 0.2010054 0.1546837 0.1527576 0.3282331 0.5848635 0.2052411 0.2382030 0.1510237 0.1551341 0.1692538 0.1551341 0.2724897 0.1060837 0.3309871 0.2268053 0.4019369 0.6616660 0.2313063 0.2211310 0.1752604 0.1583966 0.2193422 0.1906568 0.2090383 0.1228338 0.1552975 0.1228338 0.2020729 0.3056046 0.5970821 0.3511840 0.2156669 0.3295435 0.0042005 0.1106712 0.2092191 0.5075212 0.5178962 0.1076626 0.3724825 0.1433193 0.2791590 0.0347000 0.2430692 0.2049383 0.2827908 0.2476837 0.0951776 0.2562377 0.1538841 0.5690317 0.2043979 0.2016365 0.1656017 0.2759048 0.4248345 0.1601742 0.4497963 0.0556949 0.5505423 0.2335980 0.1945900 0.5503101 0.3078984 0.3362804 0.2621918 0.2621918 0.6891975 0.2260591 0.5848635 0.3818144 0.0804092 0.1060837 0.0105953 0.4034449 0.1626739 0.1629248 0.1629248 0.1583966 0.3384879 0.1444421 0.3294287 
