213
GCA_011765465.1_ASM1176546v1                 0.0000000 1.4737367 0.9362815 0.2723489 1.2544420 0.6503040 1.1845494 1.7439563 1.4110254 1.3185192 1.2219049 0.6202558 0.7149132 0.6414208 0.5776098 0.5700152 1.5858435 0.4849680 0.6253234 1.3255813 0.6202850 1.4974352 0.6172210 1.1406350 1.6679019 0.6061193 0.5700152 0.7015931 1.2544420 0.4811017 1.4366744 1.4479046 0.6505142 0.5022581 1.4574352 1.4693167 0.7085580 0.6564742 0.9697539 0.2652808 1.2650442 0.6013071 0.6293051 1.2650442 0.5862742 0.6356787 1.4119877 1.5858435 1.4785631 1.4785631 0.2581184 0.2375969 0.5535084 0.3435737 0.9936627 1.2210181 0.0126446 0.2026992 0.6414208 1.3036154 1.2985815 0.7004116 1.7523764 0.6361256 1.0545875 1.4156388 1.3231615 1.3167205 0.6198536 1.4468342 0.4640568 0.5952643 1.5495407 2.2489157 1.1528993 0.1363064 1.7439563 0.8189958 1.2806348 0.6906787 0.9550418 0.6402002 0.6065200 0.7085580 0.2943428 1.3167205 0.5842766 1.5116910 0.3435737 0.6302192 1.1869418 0.8943732 1.1060223 1.3579267 0.4237295 1.7617618 0.9461995 0.9024651 1.5413755 1.0409312 0.1965084 0.5812408 0.5599872 0.4728731 0.2436993 0.7183969 1.0887212 1.3734572 1.0379744 0.4464465 1.0673649 1.0673649 1.1579138 1.4038163 0.2551927 1.1315776 1.2459996 1.1116851 1.3535165 1.2210181 0.6280458 0.3415368 1.3460373 0.3821406 1.4400614 0.4652537 0.2705320 1.3216746 1.5926483 1.1216825 1.0007081 0.6159758 0.3151424 0.7100757 1.0079846 1.3110338 1.0797463 1.2849264 1.0569315 1.0277162 1.1576256 1.0392192 0.4730645 0.6082943 0.4132801 1.1263807 1.7409337 0.2709771 0.7097233 0.6657506 0.9827951 0.6260489 1.0355490 0.4318928 0.3929007 0.4318928 0.3865731 1.1522313 0.3170740 0.9114920 0.6820257 1.6186257 0.6051697 0.5964595 1.5116910 1.1303117 0.7138022 0.3793969 1.5356854 1.7393582 1.4084005 0.7210103 0.7015931 0.9267665 0.8905445 0.7836142 0.6544043 1.2219049 0.7784349 0.3070872 0.7231222 0.4379386 0.7336748 1.3659562 1.5841007 0.5376513 0.1790810 0.6524877 0.6524877 0.6449802 0.7239605 1.1921063 1.1513802 0.5091231 0.7928960 0.7928960 0.1563883 1.2462040 1.3110338 1.1009356 0.7149132 0.5980145 0.6243974 0.6333797 0.6202558 0.6840471 0.6982732 0.6982732 0.6867371 1.4641171 0.6198536 0.7535626 1.4614292 
GCA_015693905.1_ASM1569390v1                 1.4737367 0.0000000 1.5258716 1.2775284 1.1248503 1.5403280 0.2071491 0.4371157 1.0293050 0.4829134 0.3282485 1.3583390 1.7148840 1.5815223 1.5639596 1.5502811 0.6993702 1.3641208 1.3581392 0.5661447 1.4977818 1.0693444 1.3688198 1.0650747 0.4379219 1.5696933 1.5502811 1.3279138 1.1248503 1.3253293 1.4041758 1.0586153 1.4907873 1.5867703 0.3024570 0.5629949 1.5490135 1.2977560 1.3336592 1.3135929 1.1526990 1.8954607 1.8315846 1.1526990 1.4644225 1.3922572 0.5530407 0.6993702 0.5656517 0.5656517 1.5721391 1.3966590 1.6457411 1.6048069 0.8390705 0.7228283 1.5162035 1.4204924 1.5815223 0.3455436 0.6915153 1.5575794 0.3974676 1.3929776 1.0237759 0.5584985 0.5797678 0.4986214 1.4305953 0.5827653 1.2861758 1.4299007 0.7015369 2.7109923 0.6826133 1.5214599 0.4371157 1.3122651 0.6450412 1.8400490 1.4613791 1.7011377 1.5585446 1.5490135 1.4992182 0.4986214 1.3649095 0.6935141 1.6048069 1.5823264 0.5475647 1.1147850 1.1144788 0.9674668 1.4957696 0.4023414 1.0433441 1.4486047 0.7086838 0.7797644 1.3594507 1.6259941 1.5602908 1.3313771 1.2192330 1.6212472 0.8026821 0.4928099 0.8640280 1.3070560 0.4441007 0.4441007 0.4377332 0.3215807 1.3352320 0.4231500 0.4039955 0.4154020 0.4286303 0.7228283 1.5762439 1.2854868 0.4301292 1.4338240 0.4385567 1.4373405 1.4346201 1.6166849 0.4021012 0.9119817 1.6427349 1.6138523 1.4292176 1.2412072 0.9290109 0.5603671 0.3955884 0.4783898 0.9580342 0.9112100 0.7234912 0.8977975 1.3970436 1.4284164 1.3913589 1.0396780 0.5620973 1.4678619 1.6376260 2.2214587 1.3680058 1.8623687 1.3562410 1.3333181 1.2565606 1.3333181 1.4485261 0.4152717 1.6839286 1.0290320 1.2926993 1.0993439 1.5651344 1.5663982 0.6935141 0.9932212 1.5915415 1.6718600 0.6869826 1.4987375 0.3874177 1.3871620 1.3279138 0.9419410 0.9903054 1.4388150 1.6627687 0.3282485 1.4630192 1.3490754 1.8674785 1.4862939 1.4361234 0.3950704 0.5251725 1.7382729 1.4612562 1.3776994 1.3776994 1.2550357 1.8225209 0.8413893 1.0223617 1.5462302 2.3583768 2.3583768 1.3126045 0.5154500 0.5603671 0.4251032 1.7148840 1.4076604 1.3632879 1.4452434 1.3583390 2.4290191 2.4132462 2.4132462 2.2633335 1.0540467 1.4305953 1.4285140 1.0244876 
GCA_019285715.1_ASM1928571v1                 0.9362815 1.5258716 0.0000000 0.8455331 1.4068376 0.7613058 1.5128901 1.8302954 1.8604855 1.5489419 1.6360510 0.9355188 0.7419935 0.7506823 0.9301162 0.7493833 2.0584330 1.0547032 0.9488557 1.8751111 0.9401715 1.9703106 0.9490023 1.6974868 1.8596290 0.8605399 0.7493833 0.7286841 1.4068376 0.7696136 1.5648484 1.7002786 0.7866973 0.8818885 1.5063382 1.6764852 0.7986774 0.5189838 1.2434243 0.8468896 1.6117104 1.0189004 1.0992459 1.6117104 0.9346841 0.7457462 1.7298041 2.0584330 1.7412684 1.7412684 0.9660183 0.9616770 0.7144432 0.7992859 1.3041675 1.8720060 1.0209796 0.9818113 0.7506823 1.5064343 1.7413116 0.8028006 1.9214456 0.9049775 1.7707643 1.6608332 1.6483240 1.7368028 0.9534498 2.4607115 0.7618352 0.8416094 2.0261218 3.4039494 1.8201172 0.9545394 1.8302954 0.7407398 1.7087688 0.8723224 0.9563542 0.7286625 0.6996844 0.7986774 0.9150785 1.7368028 0.8080733 2.0469099 0.7992859 0.7840120 1.4572337 1.3551793 1.5296183 1.4088323 0.8317399 2.1959270 1.4975360 0.6161482 2.0582862 1.9750994 0.9170984 0.9504130 0.7363601 0.7724107 1.0096121 0.8061973 1.6022813 1.8700209 1.5309260 0.7689931 1.5988163 1.5988163 1.4881735 1.6472750 0.9233777 1.8181955 1.7684735 1.7807879 1.8615433 1.8720060 0.7846473 0.9414709 1.7636161 0.8634204 1.5733476 0.8720924 0.9237169 1.6080918 1.7276105 1.3020788 1.2684193 1.3128945 0.7673661 0.6816560 1.3182294 1.8270574 1.5444607 1.2724843 1.4553972 1.5572554 2.0304296 1.5346752 0.7654851 0.7599380 1.0145994 1.7233883 2.2569277 0.9531987 0.8895374 0.8344367 1.2302373 0.9965986 1.2202434 0.9224533 0.6303759 0.9224533 0.9598082 1.9423876 0.8369870 1.2772733 0.6532219 2.0654528 0.9089217 0.7065873 2.0469099 1.6051417 0.7758845 1.0300327 2.0851493 1.5485961 1.6796906 0.8604944 0.7286841 1.3038706 1.2213725 0.8199862 0.8472088 1.6360510 0.6885574 0.8881906 0.3508302 0.8664404 0.6049574 1.7067320 2.1025715 0.7018352 0.9577557 0.9966174 0.9966174 0.5047778 0.3425639 1.4116366 1.7681916 0.8377431 1.1484764 1.1484764 0.9162432 1.8334258 1.8270574 1.4557789 0.7419935 0.7633831 0.9781086 0.7040368 0.9355188 0.8132861 0.8074140 0.8074140 0.8329202 1.8653500 0.9534498 0.6786043 1.7648780 
GCA_019739335.1_ASM1973933v1                 0.2723489 1.2775284 0.8455331 0.0000000 1.2959074 0.6066426 1.2805203 1.7490676 1.5153242 1.1726564 1.2998151 0.6724636 0.5094825 0.5951549 0.6695615 0.5520936 1.2374631 0.4803565 0.6782981 1.4126926 0.6804144 1.4071748 0.6696442 0.9699063 1.7135424 0.6230305 0.5520936 0.6096377 1.2959074 0.5859788 1.3488445 1.5416390 0.5895226 0.3641907 1.4666030 1.2512480 0.6374603 0.7735322 0.8736287 0.2071452 1.2415262 0.5896012 0.6984396 1.2415262 0.6365631 0.5158617 1.3786937 1.2374631 1.3878783 1.3878783 0.3032959 0.3160108 0.5850523 0.3249548 1.1561502 1.0304399 0.2737048 0.2604692 0.5951549 1.1357354 1.4849991 0.6299941 1.5155799 0.7096869 0.9036983 1.4059226 1.4666392 1.3773834 0.6725470 1.6604437 0.5336858 0.6004096 1.2714956 2.3697867 1.1226647 0.2740283 1.7490676 0.7055534 1.1989193 0.6955115 0.8442656 0.4783958 0.5214539 0.6374603 0.2806867 1.3773834 0.5841457 1.2450353 0.3249548 0.7866631 1.2471564 0.8551219 1.0614434 1.1016855 0.4028032 1.7898338 1.0044766 0.8630437 1.2127225 1.1070729 0.2595335 0.6738150 0.5423860 0.5761860 0.2381455 0.6708934 0.9719573 1.3648659 1.0069376 0.5630524 1.1637822 1.1637822 1.1784086 1.4624211 0.2960779 1.3530110 1.3710319 1.3274925 1.0729071 1.0304399 0.7916853 0.2374271 1.3570035 0.2596452 1.4067161 0.3520633 0.2698117 1.3005978 1.6296965 1.0553690 0.8566721 0.5629421 0.2852087 0.8492959 1.1079259 1.4189276 1.0900331 1.4002335 1.0003146 1.0135979 1.0116323 1.0080628 0.5541019 0.5073022 0.3294951 0.9501184 1.7369169 0.2842845 0.7242975 0.6196068 0.8488633 0.5899052 0.8307104 0.5324149 0.4847285 0.5324149 0.3253517 1.1326211 0.2928649 0.9261798 0.7957329 1.5037438 0.6519217 0.5190391 1.2450353 1.0547636 0.6114955 0.3244627 1.2627471 1.5121771 1.3827201 0.6441201 0.6096377 0.8886526 1.0763131 0.8636140 0.6386946 1.2998151 0.7352352 0.2773370 0.7601578 0.4716592 0.8436092 1.1873577 1.5117711 0.5600247 0.2954775 0.6886993 0.6886993 0.7525960 0.7610324 1.2628939 0.9150230 0.4314232 0.7208083 0.7208083 0.2392714 1.3257194 1.4189276 1.0133145 0.5094825 0.4994963 0.6954448 0.7836674 0.6724636 0.6468318 0.6602366 0.6602366 0.6492620 1.3829423 0.6725470 0.7829029 1.4693388 
GCF_000013085.1_ASM1308v1                    1.2544420 1.1248503 1.4068376 1.2959074 0.0000000 0.9656022 1.0729883 1.1720752 1.1789351 0.9142123 0.8220400 1.1076395 1.1897588 1.1613074 1.1528181 1.1969854 1.1192075 1.0144475 1.1376838 1.1526715 1.1041158 1.3274450 1.0903437 0.7522512 1.1567073 1.2728979 1.1969854 1.0383456 0.0000010 0.8905508 0.8449274 1.2340903 1.1888352 1.1536503 1.2544925 1.2015509 1.1630466 1.0037654 1.2111215 1.1214525 0.7404836 0.9502279 1.0761387 0.7404836 1.0977043 0.9974752 1.0187461 1.1192075 1.0283178 1.0283178 1.2118023 1.0141234 1.1365955 1.2499529 0.5462673 0.6065564 1.2705544 1.0063717 1.1613074 1.1264081 1.2484446 1.1681092 1.0771199 1.1292785 0.7745491 1.0172479 0.9541502 1.0823684 1.0957833 1.4581937 0.8933595 1.1959278 1.1420984 2.0128503 0.7113768 1.2436609 1.1720752 1.1190291 1.2333821 0.9409031 1.2192773 1.0462745 1.0121078 1.1630466 1.1301656 1.0823684 0.9193132 1.1791722 1.2499529 1.1498332 1.1214499 0.7061205 0.7619987 1.0702059 1.1056992 1.2637692 0.9424997 1.0669676 1.1422096 0.6702858 1.1391592 1.1589433 1.2016392 0.8921319 1.3968412 1.1771039 0.6602161 1.0759904 0.7462191 0.8937701 0.9197079 0.9197079 0.9477652 1.2284287 1.2505926 0.9519860 1.0450210 0.9557148 0.9986110 0.6065564 1.1479162 1.2105184 1.2486269 1.2143329 1.0569921 1.2336579 1.1467800 0.9993782 0.9932809 0.6766996 1.2694033 1.7427423 1.1905476 1.1977726 0.6110470 1.1801505 0.9612843 1.0357334 0.7125186 0.7063764 0.6049792 0.7144850 0.9070080 0.9752296 1.2586268 0.8220734 1.3510596 1.3443004 1.1003307 1.1955255 1.1787162 1.1227803 1.1669504 1.1829074 0.9667139 1.1829074 1.1723884 1.1439585 0.9985833 0.7955765 0.9793189 1.3226274 1.0863449 0.9782906 1.1791722 0.7525231 1.0875056 1.3652423 1.1951323 1.1546927 1.2992234 1.2494189 1.0383456 0.5251479 0.6043095 1.0661220 1.2498428 0.8220400 1.1423275 1.0596462 1.2466151 1.2528803 0.9575658 1.1030760 1.3992698 1.0215204 1.1363967 1.0853790 1.0853790 1.0133381 1.2199824 0.7127977 0.7375977 1.0003172 1.1571504 1.1571504 1.0979879 0.9930814 1.1801505 1.1605779 1.1897588 0.9636294 1.1485878 1.0647284 1.1076395 1.2462702 1.2451620 1.2451620 1.2089878 1.3033119 1.0957833 0.9290486 1.0483697 
GCF_000013365.1_ASM1336v1                    0.6503040 1.5403280 0.7613058 0.6066426 0.9656022 0.0000000 1.5581312 1.3881855 1.3572495 1.3928517 1.3999509 0.6140888 0.6747370 0.5704602 0.5636509 0.0871012 1.3214633 0.4282540 0.6415991 1.3835231 0.6140888 1.3369864 0.6236290 1.1837226 1.3770970 0.4765448 0.0871012 0.7726160 0.9656022 0.2271565 1.3305700 1.3091692 0.6239689 0.4803295 1.5460867 1.2736192 0.6515854 0.5684581 0.9368490 0.4985715 1.1424665 0.7585631 0.7151037 1.1424665 0.5687056 0.5650876 1.5046817 1.3214633 1.5146142 1.5146142 0.5876486 0.5467249 0.6417472 0.5848788 1.0933118 1.2853345 0.6447966 0.5144764 0.5704602 1.3413304 1.3099595 0.6549090 1.4809063 0.5823431 1.1210478 1.5008079 1.3367162 1.3636785 0.6069160 1.4773354 0.2260212 0.5788314 1.3045074 2.4150581 1.3868516 0.4996687 1.3881855 0.7999733 1.2818114 0.6528416 0.8400331 0.5752384 0.5572651 0.6515854 0.5879189 1.3636785 0.4358323 1.3344253 0.5848788 0.6725716 1.4383475 1.2443437 1.1757733 1.2484277 0.4730321 1.5021032 1.4398679 0.6461999 1.3585331 1.2771518 0.5541500 0.5725704 0.0918342 0.2218258 0.5700307 0.6360118 1.3408157 1.5009433 1.1050381 0.2878668 1.3421567 1.3421567 1.3524680 1.8423107 0.6851477 1.3894616 1.4523264 1.3639105 1.2967951 1.2853345 0.6766870 0.6201034 1.6517633 0.6824450 1.5000673 0.4835165 0.5450669 1.3555992 1.4314752 1.2302144 0.8814259 0.7962163 0.5659477 0.7290800 1.2331504 1.3572484 1.2737879 1.7013725 1.0808122 1.0944352 1.3051298 1.1065561 0.2236691 0.5823228 0.7339096 1.1901470 1.5050022 0.6033514 0.8007297 0.6590973 0.8948056 0.7619964 0.8904536 0.6920417 0.4017135 0.6920417 0.5710931 1.2395351 0.6168034 1.2008977 0.5723210 1.4414312 0.5930563 0.6156653 1.3344253 1.2845777 0.6406018 0.7019190 1.3532548 1.3967356 1.7361360 0.6484087 0.7726160 0.8514419 0.9912580 0.5800163 0.6112035 1.3999509 0.5694207 0.5527942 0.6162766 0.6159373 0.6289001 1.5462948 1.3584691 0.5591335 0.4997146 0.6297102 0.6297102 0.5390871 0.6170435 1.3331049 1.1199958 0.3540541 0.7003683 0.7003683 0.5223090 1.4182147 1.3572484 1.2905410 0.6747370 0.5821186 0.6016693 0.5802404 0.6140888 0.7291503 0.7345313 0.7345313 0.7168732 1.3527827 0.6069160 0.6000970 1.3341882 
GCF_000013565.1_ASM1356v1                    1.1845494 0.2071491 1.5128901 1.2805203 1.0729883 1.5581312 0.0000000 0.5103557 1.2637441 0.4247300 0.3637390 1.5047757 1.8174710 1.6693954 1.7653282 1.5514614 0.6617478 1.3375625 1.4667160 0.5249985 1.6682108 1.2115037 1.5166645 1.0559788 0.5000542 1.5311683 1.5514614 1.5248886 1.0729883 1.2359868 1.3784286 1.2807632 1.5061803 1.6646028 0.2655409 0.6659251 1.5921095 1.6209236 1.2648570 1.2351387 0.9407947 2.0379823 1.7027505 0.9407947 1.5643387 1.5613931 0.5798807 0.6617478 0.6047661 0.6047661 1.4077630 1.2787755 1.5115925 1.4155533 0.9323882 0.7730099 1.2422603 1.3402717 1.6693954 0.4140454 0.6295152 1.6011575 0.4513087 1.5061123 1.0528253 0.6064984 0.5796189 0.4773724 1.5891783 0.6121722 1.2577013 1.5922383 0.6225543 2.8582583 0.8082187 1.2704917 0.5103557 1.2446528 0.6422553 1.6553900 1.4982536 1.5093878 1.4052545 1.5921095 1.4903877 0.4773724 1.5615289 0.6234690 1.4155533 1.7767794 0.5132885 1.0238560 0.9059800 1.0714909 1.4848080 0.4177375 1.0393883 1.8260742 0.6535854 0.9077373 1.1621383 1.8393376 1.5616758 1.2138803 1.2422439 1.5801652 0.8307858 0.3922447 0.9238320 1.2437777 0.3377067 0.3377067 0.3521298 0.4085302 1.0099167 0.3394576 0.3653669 0.3327702 0.4763122 0.7730099 1.7685152 1.3870718 0.4345703 1.4172974 0.3744482 1.6050775 1.3410417 1.4604151 0.4029347 0.9009657 1.7150253 1.5780443 1.4006902 1.4775659 0.8566176 0.5318449 0.4228138 0.3652226 0.9539890 0.9493740 0.7858139 0.9601764 1.2825643 1.6184527 1.5849814 1.0300214 0.6003319 1.5286096 1.6748302 2.1026168 1.3146864 1.9038941 1.2843509 1.2758012 1.2448171 1.2758012 1.5617105 0.3963875 1.5557222 0.9205188 1.5642241 1.2453975 1.6878014 1.5114466 0.6234690 0.8478927 1.5998087 1.4268375 0.6175738 1.7624349 0.3660161 1.4958102 1.5248886 0.8657603 1.0962680 1.5681740 1.8587801 0.3637390 1.5745578 1.3488152 1.7636776 1.5002518 1.3204216 0.3440557 0.6021090 1.6340562 1.2223222 1.5272566 1.5272566 1.4884301 1.7220683 0.7775746 1.0085376 1.5081968 2.4955186 2.4955186 1.1886828 0.4444334 0.5318449 0.4615357 1.8174710 1.5950127 1.4377053 1.5567188 1.5047757 2.2565148 2.2567467 2.2567467 2.2312505 1.2201073 1.5891783 1.2692286 1.2165858 
GCF_000014045.1_ASM1404v1                    1.7439563 0.4371157 1.8302954 1.7490676 1.1720752 1.3881855 0.5103557 0.0000000 0.9084242 0.6850337 0.5169704 1.4839422 1.9516657 1.9418829 1.5812600 1.3850446 0.8102940 1.7687818 1.4811282 0.6843272 1.5134339 0.9010401 1.5065412 1.1310619 0.0370252 1.5757875 1.3850446 2.0887651 1.1720752 1.4564770 1.5467797 0.9290358 1.8074231 1.4208927 0.6870194 0.6350544 1.8714730 1.6106262 1.3883397 1.6317566 1.3056750 1.7495326 1.6034665 1.3056750 1.5037919 1.5080029 0.7820859 0.8102940 0.8055826 0.8055826 1.8147748 1.4473019 1.8897963 2.0845790 0.9837607 0.7708757 1.6488473 1.5012780 1.9418829 0.6221818 0.7029792 1.8824883 0.2101772 1.4344677 1.2179084 0.8287699 0.8462652 0.3889371 1.5032639 0.5897070 1.5070508 1.5563208 0.8375792 2.7555177 0.7657898 1.6080271 0.0000010 1.6191459 0.8991208 1.8090021 1.8165120 1.5754265 1.5826206 1.8714730 1.6446151 0.3889371 1.4130778 0.8592191 2.0845790 2.0771667 0.6457210 1.0175101 1.1141650 0.9085911 1.6266438 0.2530589 1.0177674 1.7449371 0.8271864 0.8217384 1.5742399 1.5900220 1.3926072 1.4634768 1.7430047 1.8536214 0.7431866 0.4419263 1.0242976 1.3927726 0.3799482 0.3799482 0.4577346 0.5134659 1.5966870 0.4243725 0.4136054 0.4165511 0.4319455 0.7708757 2.1225574 2.0238974 0.4647625 1.6171311 0.3538641 1.5959004 1.5792890 1.9165145 0.1689359 0.8669786 1.5447366 1.8928268 1.6964842 1.6464849 0.9166665 0.6295308 0.5860149 0.7339105 1.1089043 1.0525395 0.7535592 1.0643265 1.4998923 1.5157962 1.8478986 1.1415050 0.5508625 1.6859653 1.7878302 2.1289074 1.3599755 1.9948307 1.4422973 1.4039062 1.5529459 1.4039062 1.6108882 0.5616537 1.6663416 1.0410652 1.6455427 1.0094255 1.6566346 1.7385291 0.8592191 0.8307883 1.7717179 2.0699504 0.8510492 1.6075417 0.3735268 1.8474223 2.0887651 0.9292201 1.1765405 1.8802517 1.9226900 0.5169704 1.7275157 1.3286060 1.9164754 1.9277911 1.6090719 0.4973745 0.4948055 1.9109279 1.5646908 1.5172520 1.5172520 1.5203990 1.8703588 0.8122102 1.2138279 1.5861120 2.2689280 2.2689280 1.4673777 0.3812786 0.6295308 0.7116730 1.9516657 1.4940823 1.4577148 1.5766964 1.4839422 2.0603414 2.0412179 2.0412179 2.1364284 0.8844312 1.5032639 1.4038853 1.0690672 
GCF_000015165.1_ASM1516v1                    1.4110254 1.0293050 1.8604855 1.5153242 1.1789351 1.3572495 1.2637441 0.9084242 0.0000000 1.1181235 1.0586255 1.5393925 1.9783522 1.8611033 1.4921811 1.4200721 1.1159231 1.2006869 1.5550148 1.1075870 1.5503325 0.0346306 1.5438505 1.1395418 0.9297050 1.5619934 1.4200721 1.5102405 1.1789351 1.3801126 1.1396247 0.0605650 1.7738839 1.4425664 1.1394063 1.4577624 1.7841700 1.6275552 1.5586439 1.4681568 1.2419649 1.6169630 1.5520599 1.2419649 1.5510923 1.5205060 1.0082814 1.1159231 0.9969103 0.9969103 1.5142047 1.4614709 1.8113406 1.4437634 0.9530159 1.0918512 1.3305908 1.4227538 1.8611033 0.9381775 1.4122628 1.7841700 1.0407706 1.4867645 1.1995025 1.0157400 1.0727633 0.9028716 1.5394215 1.2037689 1.4637986 1.6525946 1.1263841 2.0504403 0.9173711 1.2616951 0.9084242 1.8602253 1.0749453 1.5504414 1.9906691 1.5198039 1.4547224 1.7841700 1.2858195 0.9028716 1.4859640 1.1415552 1.4437634 1.7981411 1.0592587 1.0428964 1.3409330 0.6154670 1.4634632 1.1093553 0.8561966 1.5601865 1.0778945 0.9907184 1.3954476 1.4772605 1.4374417 1.3870886 1.3023300 1.7222598 1.0777351 0.9784268 1.0676423 1.5695837 1.1615813 1.1615813 1.1358773 1.2928786 1.4415391 1.0004931 1.0713113 1.0049916 0.8555023 1.0918512 1.8366292 1.5737196 1.0221219 1.5824722 0.9315192 1.7570594 1.2475816 1.4778596 0.9903829 0.8855996 1.7610872 1.5387340 1.4457032 1.3842086 0.9608256 1.1029290 1.0119733 1.2014020 1.0819357 1.0712628 1.1412658 1.0838767 1.4637666 1.4596886 1.3980368 1.0963735 1.1822023 1.3063840 2.2715455 1.8130053 1.5194093 2.3507170 1.5476650 1.3081732 1.4054729 1.3081732 1.5052171 0.9397118 1.3112390 1.3508432 1.8073176 0.0950464 1.7543382 1.5339225 1.1415552 0.9856239 1.7705750 1.6419739 1.1354218 1.1059676 0.9891269 1.7080879 1.5102405 1.0785756 1.2596738 1.6889633 1.8233596 1.0586255 1.4576754 1.1406471 1.5396222 1.5149068 1.4680032 1.0857375 1.1642777 1.6534101 1.2889138 1.5284426 1.5284426 1.7258248 1.5016501 1.0194119 1.1579304 1.3383192 2.0422332 2.0422332 1.2713786 0.9474933 1.1029290 1.1936865 1.9783522 1.4397389 1.5015237 1.9135592 1.5393925 1.9516265 1.9785650 1.9785650 1.8639265 0.0418952 1.5394215 1.6840269 1.0098598 
GCF_000015585.1_ASM1558v1                    1.3185192 0.4829134 1.5489419 1.1726564 0.9142123 1.3928517 0.4247300 0.6850337 1.1181235 0.0000000 0.5127029 1.4780203 1.6784255 1.7414006 1.5436744 1.6733856 0.6504261 1.0418825 1.4067577 0.5397986 1.5552155 1.1785841 1.4534302 0.9918281 0.6440139 1.3556097 1.6733856 1.3756889 0.9142123 1.0681329 1.2286048 1.2343481 1.5545072 1.4326873 0.4855517 0.6316852 1.5929738 1.4661662 1.4110391 1.1258112 0.9992580 1.5832964 1.5082708 0.9992580 1.4868898 1.3143385 0.4484166 0.6504261 0.4512323 0.4512323 1.3101117 1.1970677 1.4614397 1.2646329 0.7031086 0.8012494 1.3231807 1.2483378 1.7414006 0.5496556 0.6056868 1.6019000 0.5430801 1.5396546 1.0642774 0.4725142 0.4909076 0.4268597 1.5207889 0.6849810 1.1024311 1.5774244 0.6947368 2.3331861 0.7789092 1.2522328 0.6850337 1.3304817 0.5943749 1.7451437 1.4682404 1.2246404 1.3052078 1.5929738 1.3576906 0.4268597 1.2272878 0.7005978 1.2646329 1.2090911 0.4694101 0.9224501 0.8843181 1.0906529 1.1880272 0.5670184 0.9380322 1.8664799 0.6556230 0.8181386 1.2983949 1.6048624 1.6855574 1.0502276 1.2802168 1.4735540 0.7992965 0.5825133 0.9234104 1.0408896 0.4757422 0.4757422 0.4544778 0.5153281 1.2348680 0.4254838 0.4429740 0.4176793 0.4788131 0.8012494 1.2067056 1.4117843 0.4603916 1.4512456 0.5692712 1.4470283 1.1202043 1.1563857 0.6396247 1.0765529 2.0465036 1.7677938 1.2470280 1.3937341 0.8125194 0.5914440 0.4564458 0.4058196 0.9392797 0.9741208 0.8043064 0.9597997 1.0631875 1.3626423 1.2444676 1.0481526 0.6557527 1.3143769 1.5799951 1.6887345 1.4394841 1.7206891 1.3512372 1.2162293 1.0574553 1.2162293 1.2094773 0.3917709 1.3177037 0.9214696 1.4078617 1.2795565 1.5948528 1.2595615 0.7005978 0.8993248 1.6012178 1.4915198 0.6960168 1.8530232 0.4339179 1.8563545 1.3756889 0.7456234 0.9087097 1.4696142 1.6879631 0.5127029 1.3691165 1.1879389 1.3840674 1.2927491 1.3469535 0.4770409 0.6783284 1.7086553 1.2268948 1.4188001 1.4188001 1.5083026 1.3545686 0.7774441 0.9801477 1.3582992 1.8444169 1.8444169 1.2094930 0.4901084 0.5914440 0.5089475 1.6784255 1.3439734 1.3796489 1.5246730 1.4780203 1.7975314 1.8183632 1.8183632 1.7398829 1.1665110 1.5207889 1.3875891 1.0276086 
GCF_000018145.1_ASM1814v1                    1.2219049 0.3282485 1.6360510 1.2998151 0.8220400 1.3999509 0.3637390 0.5169704 1.0586255 0.5127029 0.0000000 1.2420073 1.5919777 1.3672129 1.2968519 1.5386062 0.6694818 1.1538334 1.2602223 0.5283638 1.3147568 1.1894711 1.2515076 0.9187491 0.4961080 1.4813494 1.5386062 1.4093500 0.8220400 1.2385794 1.5749431 1.1370964 1.3454326 1.6505117 0.4146754 0.6650355 1.4157770 1.3015216 1.2787490 1.4260757 0.9900832 1.3738239 1.2635319 0.9900832 1.2915224 1.2840471 0.5725717 0.6694818 0.5562296 0.5562296 1.5056252 1.1064390 1.5816691 1.5603736 0.7757775 0.7041617 1.2627442 1.1571130 1.3672129 0.4674551 0.5119842 1.4235075 0.4224503 1.2726055 0.9908688 0.5290132 0.6031602 0.4796409 1.2580765 0.5612902 1.1990308 1.3985951 0.6823503 2.4995412 0.6661837 1.2411356 0.5169704 1.2306891 0.5793116 1.5190311 1.4107145 1.4126960 1.2567557 1.4157770 1.4549982 0.4796409 1.1426213 0.6557864 1.5603736 1.5074672 0.4876419 0.7599248 0.9322608 0.7499013 1.5597925 0.4228433 0.7248457 1.5625103 0.6712185 0.7366433 1.1547968 1.3461281 1.5483579 1.2171801 1.4397662 1.3469018 0.6890861 0.4431270 0.8709040 1.1967428 0.3794185 0.3794185 0.4690493 0.4591983 1.5701475 0.4045921 0.4024601 0.3970250 0.4122745 0.7041617 1.5217493 1.4500284 0.3821948 1.7880167 0.4821591 1.5121047 1.3501714 1.2748546 0.4887519 0.8291843 1.6255148 1.6519921 1.5599599 1.3776819 0.7385260 0.5599477 0.4035670 0.5130119 0.9139995 0.9181915 0.7048231 0.9047539 1.1933800 1.3165170 1.3813684 0.9688704 0.5678323 1.6739531 1.3211284 1.7925137 1.3037150 1.4958290 1.3329395 1.2065131 1.3051387 1.2065131 1.2298487 0.4337215 1.4944133 0.7994061 1.1976750 1.1435882 1.3486704 1.2001613 0.6557864 0.7209045 1.4074334 1.5785621 0.6566868 1.3547892 0.3972368 1.5204418 1.4093500 0.7523833 0.9500058 1.4740984 1.4781814 0.0000010 1.2697126 1.2493568 1.7845039 1.6700141 1.5186200 0.3355540 0.6068275 1.3587446 1.1335320 1.2592907 1.2592907 1.3201386 1.7425611 0.7869685 0.9845355 1.4787885 1.8512074 1.8512074 1.0830124 0.4545811 0.5599477 0.5188900 1.5919777 1.3003692 1.2367867 1.2668123 1.2420073 1.6963866 1.6952252 1.6952252 1.7703347 1.1716558 1.2580765 1.5261669 0.9210885 
GCF_000018845.1_ASM1884v1                    0.6202558 1.3583390 0.9355188 0.6724636 1.1076395 0.6140888 1.5047757 1.4839422 1.5393925 1.4780203 1.2420073 0.0000000 0.4322488 0.2566591 0.0853835 0.6092828 1.3843263 0.6498557 0.0165791 1.3202008 0.0200812 1.4686064 0.0032733 1.2204006 1.4575094 0.8421831 0.6092828 0.5927744 1.1076395 0.5942464 1.4495813 1.5520341 0.3145085 0.7223354 1.3989126 1.4026614 0.2689573 0.6722738 0.7001327 0.6982730 1.2709614 0.7850387 0.8321487 1.2709614 0.0342699 0.4016092 1.2465283 1.3843263 1.2546808 1.2546808 0.6880272 0.5700616 0.7592504 0.7059953 0.9387196 1.1059764 0.6225413 0.5540280 0.2566591 1.4756935 1.4272502 0.2639761 1.5517814 0.0303815 1.2493344 1.2732413 1.3731353 1.4918322 0.0099394 1.5345092 0.5691957 0.0974151 1.3477376 2.5884758 0.9559240 0.4694682 1.4839422 0.8043518 1.3069302 0.4798019 0.4913475 0.4937732 0.5004239 0.2689573 0.6472787 1.4918322 0.5625302 1.3312709 0.7059953 0.5831423 1.4272477 1.1519568 1.2245053 1.1158839 0.5403680 1.4842968 1.0080568 0.6983446 1.3848977 1.1163084 0.6519164 0.0897695 0.5986046 0.5842457 0.6099015 0.2723999 1.0831056 1.2278948 1.1885229 0.5638797 1.2911818 1.2911818 1.3263527 1.5080615 0.7846345 1.4226675 1.3455649 1.3957804 1.2743606 1.1059764 0.5848186 0.6195753 1.2223921 0.6731768 1.5009235 0.6137177 0.6538348 1.2519536 1.3535150 0.9522146 0.9934594 0.8250029 0.7633926 0.7676905 1.0053255 1.3012654 1.2572757 1.3229046 1.1764622 1.1771099 1.0652875 1.1904596 0.5773063 0.4082768 0.7765624 1.1837163 1.3683290 0.6384272 0.8758007 0.6792774 0.7275936 0.8158691 0.6999366 0.6018834 0.4670730 0.6018834 0.5917194 1.3274047 0.6722110 1.0484157 0.6313438 1.7223740 0.0877002 0.4714411 1.3312709 1.2016813 0.2768194 0.6721126 1.3506438 1.6877125 1.4832329 0.2981501 0.5927744 0.6728921 1.0578653 0.6739804 0.2591344 1.2420073 0.5804804 0.5825114 0.7081890 0.7318972 0.8412859 1.3734267 1.3555598 0.4219395 0.6040836 0.0166205 0.0166205 0.6543007 0.6936292 1.1433165 1.2733491 0.5965942 0.7557051 0.7557051 0.5909522 1.3678716 1.3012654 1.4342873 0.4322488 0.4069674 0.0166895 0.5809022 0.0000010 0.6875122 0.7072205 0.7072205 0.6902312 1.4425028 0.0099394 0.6583557 1.6095110 
GCF_000019365.1_ASM1936v1                    0.7149132 1.7148840 0.7419935 0.5094825 1.1897588 0.6747370 1.8174710 1.9516657 1.9783522 1.6784255 1.5919777 0.4322488 0.0000000 0.3201604 0.4601105 0.6660625 1.5496952 0.6409777 0.4547842 2.0220722 0.4481280 1.7280235 0.4401274 1.2526509 1.9025320 0.8050375 0.6660625 0.5343574 1.1897588 0.6400451 1.7131188 1.8721100 0.3393176 0.5024269 1.7679408 1.5079273 0.2988053 0.6251079 0.8501180 0.6493061 1.3857081 0.7498588 0.8255261 1.3857081 0.4479443 0.2309725 1.7128856 1.5496952 1.7529135 1.7529135 0.7360594 0.5813756 0.5574522 0.5717595 1.2070950 1.2371019 0.6848313 0.5930911 0.3201604 1.5243206 1.7530807 0.3052468 1.6161057 0.4444141 1.2445915 1.7667908 1.9752997 1.8279463 0.4419026 1.9692385 0.5600320 0.3842772 1.4742761 2.6379537 1.2652409 0.6470634 1.9516657 0.8326084 1.4717790 0.4235402 0.5267504 0.2458983 0.2450736 0.2988053 0.6131115 1.8279463 0.6200443 1.5202061 0.5717595 0.6495105 1.5430002 1.1565514 1.2526548 1.3459078 0.5218762 2.0125957 1.1919278 0.6724025 1.6001590 1.1528066 0.5672657 0.4702131 0.6858337 0.6291119 0.7386756 0.3532508 1.2222074 1.5781611 1.1050047 0.6221850 1.7474530 1.7474530 1.5334997 1.6099979 0.6098857 1.7368459 1.5777176 1.7010283 1.3927039 1.2371019 0.6535412 0.5009851 1.6433125 0.5723635 1.5263707 0.6111798 0.6720859 1.1719354 1.6996501 1.2259634 1.1056933 0.8762081 0.6267698 0.8090022 1.1071154 1.9342423 1.6114370 1.6474643 1.0674549 1.0941597 1.2073584 1.1065571 0.5919030 0.2278831 0.7025850 1.2368070 1.8954028 0.6903663 0.8663153 0.5621827 0.8649451 0.7452680 0.8178169 0.6896414 0.4294940 0.6896414 0.5488610 1.4660708 0.5540895 1.1905940 0.5860292 1.8862038 0.4573838 0.2483143 1.5202061 1.2039787 0.2942733 0.6979123 1.5440396 1.6486304 1.7090954 0.3341748 0.5343574 1.0107942 1.2472780 0.7167777 0.3170169 1.5919777 0.5816397 0.6223723 0.7785750 0.7530774 0.7370964 1.6557621 1.8127465 0.3637421 0.6155386 0.4524200 0.4524200 0.6036257 0.7624036 1.1436776 1.2854744 0.5332751 0.7708683 0.7708683 0.6025516 1.6174513 1.9342423 1.4435978 0.0000010 0.2287069 0.4587246 0.6012485 0.4322488 0.5697503 0.5900052 0.5900052 0.5717807 1.7501151 0.4419026 0.5697722 1.8283232 
GCF_000019725.1_ASM1972v1                    0.6414208 1.5815223 0.7506823 0.5951549 1.1613074 0.5704602 1.6693954 1.9418829 1.8611033 1.7414006 1.3672129 0.2566591 0.3201604 0.0000000 0.2417174 0.5345036 1.5965837 0.6194402 0.2712234 1.7695711 0.2566591 1.6959394 0.2624980 1.0994072 1.8612327 0.7722246 0.5345036 0.5338700 1.1613074 0.5566906 1.3048058 1.7848020 0.0673438 0.6296497 1.6635386 1.5631183 0.0510577 0.6120130 0.8416797 0.6303069 1.3101536 0.7693330 0.7211325 1.3101536 0.2260929 0.3279384 1.5657401 1.5965837 1.6009959 1.6009959 0.6496245 0.6071150 0.5939171 0.5776262 1.0928259 1.0772756 0.6571127 0.6458209 0.0000010 1.5712195 1.5494153 0.0473732 1.6358806 0.2645073 1.1524676 1.5923563 1.4884263 1.6044104 0.2518204 1.7836352 0.5284753 0.2024600 1.5016867 2.4038397 1.1347781 0.5482415 1.9418829 0.7765343 1.3108279 0.3660054 0.4294505 0.3616357 0.3659209 0.0510577 0.5904792 1.6044104 0.5438471 1.5484715 0.5776262 0.4587886 1.4570958 1.0766577 1.2447092 1.1930460 0.5177925 1.7338145 0.9337391 0.6344316 1.6488162 1.1826439 0.6080396 0.2369211 0.5391800 0.5471769 0.7365979 0.1041319 0.9662942 1.5007930 1.2127277 0.5731047 1.5247049 1.5247049 1.4103126 1.5559255 0.6695114 1.5110560 1.3889943 1.4818860 1.5715886 1.0772756 0.4586729 0.5337604 1.4438698 0.5718996 1.7402723 0.5962634 0.6009374 1.3583891 1.7476687 1.1139235 1.0540854 0.8990143 0.5484013 0.7873988 1.1665132 1.6704223 1.4808483 1.5658830 1.1716243 1.2011794 1.0532141 1.2147742 0.5465922 0.3379721 0.7392578 1.1159637 1.6412408 0.6803168 0.8095203 0.6567910 0.8507625 0.7930971 0.7939169 0.6301188 0.4123938 0.6301188 0.5398289 1.3505357 0.6222594 1.1120943 0.6161009 1.9266168 0.2228821 0.3564519 1.5484715 1.2255538 0.0398390 0.6588185 1.5728311 1.3884132 1.4407384 0.1964105 0.5338700 0.8076702 1.0254020 0.6586601 0.0742964 1.3672129 0.5114263 0.6105618 0.6494957 0.7215644 0.6771591 1.6756785 1.6992035 0.2560526 0.5703929 0.2803665 0.2803665 0.5718655 0.6360115 1.0655355 1.0753204 0.4706794 0.7551769 0.7551769 0.6463195 1.4834412 1.6704223 1.6667314 0.3201604 0.3372904 0.2615859 0.5766296 0.2566591 0.6546554 0.6561533 0.6561533 0.6673807 1.7361545 0.2518204 0.6164625 1.6056023 
GCF_000019945.1_ASM1994v1                    0.5776098 1.5639596 0.9301162 0.6695615 1.1528181 0.5636509 1.7653282 1.5812600 1.4921811 1.5436744 1.2968519 0.0853835 0.4601105 0.2417174 0.0000000 0.5498880 1.4306330 0.6113150 0.0800166 1.4321513 0.0896924 1.4252494 0.0813473 1.3051456 1.4804937 0.7628840 0.5498880 0.6258940 1.1528181 0.5591524 1.4476443 1.5202065 0.3110908 0.7298883 1.7274061 1.4194466 0.2796692 0.6520404 0.7414047 0.6372496 1.4050676 0.7665697 0.7843135 1.4050676 0.0782005 0.4146361 1.3192322 1.4306330 1.3495735 1.3495735 0.6252316 0.5523515 0.7259801 0.6469377 0.9543964 1.2113770 0.5797384 0.5066585 0.2417174 1.5208355 1.4005755 0.2745726 1.6721624 0.0985121 1.3318013 1.3759982 1.3718021 1.4083452 0.0776298 1.6713583 0.5638833 0.1353980 1.3936155 3.0721978 0.9470759 0.4490675 1.5812600 0.7452641 1.2843274 0.5046123 0.4448158 0.4883427 0.5157201 0.2796692 0.5476469 1.4083452 0.5401127 1.4410764 0.6469377 0.5587859 1.5009396 1.1142983 1.3187685 1.1398454 0.5546896 1.6454636 1.0563645 0.6386476 1.4310499 1.2098361 0.6289444 0.0099922 0.5400487 0.5717535 0.5978484 0.2431080 1.1437885 1.2586749 1.1701931 0.5795622 1.3825772 1.3825772 1.3164082 1.4401344 0.7382498 1.4393678 1.3546903 1.4121974 1.3314831 1.2113770 0.5588438 0.5753455 1.2802719 0.6262819 1.4691528 0.5809933 0.6385525 1.1778005 1.5053056 0.9516015 0.9322132 0.8460910 0.7340429 0.7778383 1.0538236 1.4065712 1.2782954 1.3723278 1.1584306 1.1590484 1.1633209 1.1720200 0.5797013 0.4111875 0.7500931 1.2671308 1.4749198 0.5636958 0.8227505 0.5939005 0.7706049 0.8081984 0.7422201 0.7059267 0.4516221 0.7059267 0.5713108 1.2490498 0.6178091 1.0708419 0.6218092 1.7060329 0.1158743 0.4696424 1.4410764 1.2302427 0.2612341 0.6452382 1.4628894 1.4766401 1.4521203 0.2999604 0.6258940 0.7056208 1.1141110 0.6286594 0.2783977 1.2968519 0.5682770 0.5251137 0.6890190 0.6648330 0.8078505 1.4959291 1.4443216 0.3414656 0.5508182 0.0977609 0.0977609 0.6405981 0.6748238 1.1707237 1.3683316 0.5592830 0.7512998 0.7512998 0.5475645 1.2568138 1.4065712 1.4723023 0.4601105 0.4098677 0.0808985 0.5457919 0.0853835 0.6016074 0.6194562 0.6194562 0.5805262 1.4001879 0.0776298 0.6771242 1.5633208 
GCF_000020445.1_ASM2044v1                    0.5700152 1.5502811 0.7493833 0.5520936 1.1969854 0.0871012 1.5514614 1.3850446 1.4200721 1.6733856 1.5386062 0.6092828 0.6660625 0.5345036 0.5498880 0.0000000 1.4145922 0.4429192 0.6372202 1.4011415 0.6092828 1.3626288 0.6189736 1.1066363 1.3235201 0.4875602 0.0000010 0.6939767 1.1969854 0.2477510 1.2501234 1.3771939 0.6249266 0.5103463 1.6180635 1.2080914 0.6325887 0.4745116 0.8084312 0.5441270 1.1609261 0.7615599 0.7575597 1.1609261 0.5632073 0.5593566 1.6758864 1.4145922 1.6872558 1.6872558 0.5611037 0.5600734 0.5571650 0.5942204 1.1260266 1.3020067 0.5815964 0.5151274 0.5345036 1.4279050 1.4106729 0.6358436 1.4791860 0.5926489 0.9930308 1.7119213 1.5364599 1.5566577 0.6019922 1.4289762 0.2525997 0.5631426 1.3926417 2.9703114 1.3341826 0.4831441 1.3850446 0.7991284 1.5147090 0.6372290 0.7608298 0.6162847 0.5962891 0.6325887 0.4981638 1.5566577 0.4415161 1.4300596 0.5942204 0.5906555 1.5763298 1.1740072 1.1779136 1.2966903 0.3962980 1.5570411 1.3278129 0.6461678 1.4569383 1.2762130 0.5395383 0.5588769 0.0032532 0.2420539 0.5673151 0.6256704 1.2805702 1.3892663 1.2156593 0.3080523 1.3080519 1.3080519 1.4322805 1.7890757 0.6789477 1.5731022 1.5038830 1.5418248 1.3993970 1.3020067 0.5942542 0.5864322 1.6549956 0.6601202 1.5021183 0.4876836 0.5260494 1.3439052 1.3159108 1.2319544 0.8026215 0.7645361 0.5150518 0.7182664 1.2346291 1.2965941 1.3575094 1.7616628 1.1885004 1.2040523 1.2831233 1.2177271 0.2558183 0.5659891 0.7387861 1.0766278 1.5143790 0.5020974 0.8462217 0.6053159 0.7727518 0.7435348 0.7680910 0.7127190 0.3687046 0.7127190 0.5613628 1.3591375 0.6314354 1.1681721 0.5287064 1.5452171 0.5997515 0.6646031 1.4300596 1.3049544 0.6154202 0.6154007 1.4518264 1.2113450 1.5714854 0.6194507 0.6939767 0.8235936 1.0001717 0.6158584 0.6207151 1.5386062 0.5453297 0.4966885 0.6097195 0.5980795 0.5719379 1.6697879 1.3678733 0.5148773 0.5120841 0.6508978 0.6508978 0.4617858 0.6104921 1.3436708 1.1115986 0.3388091 0.7254410 0.7254410 0.5024032 1.4756302 1.2965941 1.4027841 0.6660625 0.5657817 0.5966826 0.5423457 0.6092828 0.6714171 0.6643099 0.6643099 0.6597096 1.3791141 0.6019922 0.5814017 1.3540886 
GCF_000021005.1_ASM2100v1                    1.5858435 0.6993702 2.0584330 1.2374631 1.1192075 1.3214633 0.6617478 0.8102940 1.1159231 0.6504261 0.6694818 1.3843263 1.5496952 1.5965837 1.4306330 1.4145922 0.0000000 1.4394418 1.3956095 0.6844833 1.4121709 1.0904723 1.3613486 1.0755021 0.8076021 1.6048068 1.4145922 1.4896486 1.1192075 1.3008689 1.3836171 1.2582329 1.4419703 1.4991487 0.7572999 0.6642204 1.4430815 1.5710484 1.5573262 1.4124590 0.9271122 1.4687704 1.7208984 0.9271122 1.3828261 1.5887609 0.6823924 0.0000010 0.6889974 0.6889974 1.4665432 1.3077986 1.5791463 1.4376544 0.8847057 0.8387820 1.5914087 1.4728479 1.5965837 0.4437200 0.5528936 1.4511022 0.6140712 1.3858601 1.1680803 0.6738601 0.6929889 0.7000917 1.3906267 0.5906550 1.3581046 1.5439795 0.0433121 3.4581443 0.9662523 1.4899837 0.8102940 1.5508929 0.6259491 1.6505345 1.6978790 1.4452150 1.4080349 1.4430815 1.4980281 0.7000917 1.6654875 0.0332263 1.4376544 1.8586487 0.4568069 1.2047684 0.8674621 1.2443634 1.5884577 0.6601886 1.0268032 1.5998539 0.0095749 0.9257432 1.3289374 1.4602158 1.4224343 1.2773958 1.3500918 1.3882114 0.9195985 0.7160140 0.9120268 1.2749206 0.6199020 0.6199020 0.6603777 0.6175459 1.4880710 0.6792390 0.6597590 0.6678024 0.4489186 0.8387820 1.8611290 1.4938584 0.5789053 1.3127379 0.5750725 1.7207883 1.3753105 1.2282338 0.7073666 0.9926615 1.7032907 1.9112019 1.4686788 1.4567856 1.0000694 0.7230386 0.5941958 0.5940581 0.9468929 0.9526371 0.8513146 0.9474946 1.3232754 1.5241093 1.4828335 1.1497641 0.6099068 1.4162876 1.8332919 1.7385939 1.4955767 1.9770647 1.4865890 1.5980700 1.4164402 1.5980700 1.4894467 0.4632300 1.6128038 1.0128955 1.6470524 1.2887168 1.4473367 1.4078881 0.0332263 1.0049717 1.4179682 1.3615006 0.0401610 1.3947365 0.6597380 1.5895098 1.4896486 0.8755230 0.9222178 1.5274764 1.5527708 0.6694818 1.6672240 1.3417617 1.9666653 1.6419035 1.4283554 0.6340338 0.5399988 1.5618634 1.4873619 1.3176096 1.3176096 1.3944488 1.9182156 0.8279424 1.1274366 1.4685828 1.7695593 1.7695593 1.3297225 0.6346717 0.7230386 0.4792836 1.5496952 1.5012329 1.3468373 1.3484927 1.3843263 1.8699598 1.8118911 1.8118911 1.8169581 1.0873162 1.3906267 1.4384203 1.1440674 
GCF_000021745.1_ASM2174v1                    0.4849680 1.3641208 1.0547032 0.4803565 1.0144475 0.4282540 1.3375625 1.7687818 1.2006869 1.0418825 1.1538334 0.6498557 0.6409777 0.6194402 0.6113150 0.4429192 1.4394418 0.0000000 0.6740746 1.1845709 0.6695559 1.2088286 0.6563537 1.2518444 1.7076058 0.5964687 0.4429192 0.5834021 1.0144475 0.3307004 1.2766533 1.1535870 0.6057549 0.5478423 1.3361233 1.3675562 0.6306560 0.5835444 0.7826713 0.4314649 1.1811045 0.6481270 0.6453008 1.1811045 0.6402907 0.5325737 1.2459399 1.4394418 1.2541494 1.2541494 0.5087940 0.4890607 0.5383740 0.4647474 1.0704540 1.1988162 0.4658577 0.4270700 0.6194402 1.5234994 1.3987983 0.6333652 1.4156980 0.6845966 1.1542620 1.1642687 1.1998700 1.2537756 0.6389249 1.4206044 0.3022135 0.6632124 1.2629306 2.5764006 1.3494793 0.4568928 1.7687818 0.8244944 1.2759402 0.6909252 0.6433370 0.5677809 0.5327369 0.6306560 0.4270002 1.2537756 0.4863907 1.3350554 0.4647474 0.6902393 1.2232891 1.1767516 1.0771417 1.0900232 0.3748375 1.5565415 1.3366596 0.7783694 1.4556527 1.2730927 0.5198213 0.6151409 0.4466785 0.3241560 0.5360765 0.6358598 1.1555138 1.2699208 0.9944115 0.3612879 1.0701365 1.0701365 1.1185126 1.4445744 0.5724784 1.2716901 1.2900336 1.2484387 1.1977654 1.1988162 0.6906041 0.5134754 1.3921658 0.5493074 1.3599834 0.4904375 0.4272257 1.2863268 1.6486483 1.1884935 0.8556798 0.6492117 0.4563153 0.7130622 1.2154782 1.2127059 1.1528961 1.4623075 0.9935121 0.9844600 1.0855602 0.9954761 0.3208223 0.5541215 0.5556947 1.2366568 1.4736012 0.4936221 0.7578343 0.6821358 0.7773502 0.7907358 0.7524673 0.5607962 0.3059913 0.5607962 0.4326372 0.9571463 0.5016542 1.3179599 0.6483676 1.3104772 0.6454453 0.5543044 1.3350554 1.3154360 0.5600265 0.5729228 1.3544813 1.5022679 1.3390252 0.6519264 0.5834021 0.7977373 0.8852671 0.7435348 0.6573261 1.1538334 0.5275432 0.4059377 0.7273945 0.4874774 0.6116383 1.2784747 1.7095209 0.5879052 0.4285953 0.6573410 0.6573410 0.5725039 0.7282405 1.4843456 1.1122079 0.4394481 0.7863842 0.7863842 0.4712477 1.3090949 1.2127059 1.2851162 0.6409777 0.5453857 0.6422821 0.5850261 0.6498557 0.7247912 0.7286665 0.7286665 0.7143213 1.2195198 0.6389249 0.6340289 1.2410846 
