145
GCF_000344805.1_ASM34480v1_5829_WP_042340283.1_magnesium-protoporphyrin_IX_monomethyl_ester_anaerobic_oxidative_cyclase__Bradyrhizobium_oligotrophicum_        0.0000000 0.2476125 0.2536353 0.3113112 0.3361724 0.2476125 0.2461684 0.3171819 0.0202348 0.2098435 0.1789993 0.2470116 0.2009995 0.2251668 0.2263181 0.2536353 2.8471359 0.3304441 0.1943447 0.1719647 0.2241573 0.2162125 0.2223324 0.2334632 0.2251668 0.2510228 0.2052836 0.2099871 0.1722705 2.4666467 2.5534164 2.7259370 2.4385293 2.4562312 2.6749583 2.6852992 2.4544876 2.5086537 2.4557367 2.7074062 2.6893366 2.8809785 2.2315581 2.8868225 2.9328217 2.6234199 2.5054031 2.7522411 2.2432652 2.3908128 3.0966594 2.6378176 2.6415468 2.5736396 2.2682776 2.6031347 2.6109091 2.6221827 2.6986380 2.6592802 2.6053131 2.4716960 2.4189288 2.4022761 2.8347342 2.1994161 2.3637560 2.5949997 2.6986380 2.8225026 3.3525730 2.4562312 2.5226233 2.5757155 2.6248872 2.5670476 2.2882870 2.7864853 2.4859135 2.8407811 2.5018116 2.4792079 2.6843829 2.6706484 2.3143127 3.4076784 2.4134593 2.8260685 2.7676045 3.0830860 2.7420215 2.1615726 2.4168162 2.7696413 2.6921425 2.2166622 2.5198223 2.2574986 2.7312800 2.9329419 2.4125584 2.3737657 2.4767840 2.6098526 2.6826970 2.2597467 2.2518073 2.2804006 2.4159498 2.3638037 2.7259370 2.9207287 2.6358056 2.6912921 2.5901270 2.9962476 2.5146148 2.4031957 2.5033660 2.5164454 2.2484413 2.9540812 2.8475750 2.5680539 2.6147117 2.5749653 2.3959597 2.7136576 2.8809196 2.5731136 2.5054031 2.5254578 2.1938273 2.7549298 2.3914168 2.3606151 3.1527319 2.4956087 2.3856661 2.4815065 2.3617693 2.3392570 2.3507231 2.3478561 3.2049311 
GCF_002706325.1_ASM270632v1_1920_WP_061350852.1_magnesium-protoporphyrin_IX_monomethyl_ester_anaerobic_oxidative_cyclase__Cereibacter_sphaeroides_             0.2476125 0.0000000 0.0266666 0.3495154 0.4018325 0.0000010 0.0086777 0.3755287 0.2448474 0.2042507 0.2426383 0.0012295 0.2739599 0.1314798 0.2865179 0.0266666 2.4376922 0.3980809 0.1808493 0.2441068 0.1320146 0.2091973 0.1668244 0.2480148 0.1314798 0.0345487 0.1370532 0.1972662 0.2492911 2.3318314 2.1398671 2.1609153 2.3301136 2.2692280 2.1168068 2.1593194 2.1954788 2.1258977 2.1345486 2.1129506 2.4061726 2.2366369 1.9367032 2.2516418 2.2861896 2.2632705 2.2520720 2.0036678 1.7772070 2.2647519 2.6416376 2.4977444 2.4538334 2.1755050 2.0852296 2.4776608 2.4848270 2.3053522 2.4141186 2.3547006 2.2920808 2.1277560 2.2934389 2.2780390 2.2766146 1.9672579 2.3781934 2.4105964 2.4141186 2.5232281 2.7403021 2.2692280 2.2073681 2.3391452 2.1445689 2.5114280 2.0484676 2.5718551 1.9968475 2.6325361 2.3479990 2.1612292 2.3855098 2.1040577 2.1013779 2.5433999 2.3615615 2.3745453 2.6150482 2.7087684 2.5919314 1.8616253 2.0914699 2.3169786 2.3778647 2.2090890 1.9185962 1.9891394 2.2670714 2.4828175 2.2468891 2.2842501 2.1826861 2.3733281 2.2346990 2.0380840 1.9400692 1.8971316 1.8941805 1.8547564 2.1609153 2.6151418 2.0971963 2.2696151 2.0250734 2.3730904 2.1222543 2.0979143 2.1117641 1.9957363 2.0539326 2.3600242 2.2816056 2.2476916 2.4714494 2.2475912 1.9745961 2.3726002 2.2416925 2.3988225 2.2520720 2.4841284 1.9713436 2.2956997 1.9208966 2.0226038 2.9987998 2.1811045 2.1229701 2.1376860 2.0612491 2.0512190 2.0563415 2.0316267 2.3806966 
GCF_003429265.1_ASM342926v1_870_WP_108221399.1_MULTISPECIES__magnesium-protoporphyrin_IX_monomethyl_ester_anaerobic_oxidative_cyclase__Cereibacter_            0.2536353 0.0266666 0.0000000 0.3552381 0.3971114 0.0266666 0.0253332 0.3666682 0.2439541 0.2189611 0.2335263 0.0279735 0.2733554 0.1274995 0.2789840 0.0000010 2.5437952 0.3919575 0.1897965 0.2455831 0.1280140 0.2048545 0.1751659 0.2467843 0.1274995 0.0465952 0.1301858 0.1809778 0.2531443 2.4521459 2.2402335 2.2165833 2.3594077 2.3652641 2.2140683 2.2332872 2.3282553 2.1568544 2.2114078 2.1752074 2.5781772 2.2845600 2.0260358 2.3825674 2.3357268 2.3592952 2.2993218 2.1309090 1.9200101 2.3000276 2.7045436 2.6456918 2.4784980 2.2610948 2.1781867 2.6931353 2.7011722 2.3848544 2.5865830 2.4706555 2.3020381 2.2042093 2.3815313 2.3641662 2.2729547 2.1381642 2.5267675 2.4899967 2.5865830 2.6275190 2.9543272 2.3652641 2.2528889 2.3905603 2.3294904 2.5031685 2.1187380 2.7557509 2.1236205 2.7923572 2.4492793 2.2556279 2.5471281 2.1432139 2.1805714 2.6834712 2.4437192 2.5444390 2.7207450 2.8592260 2.6964037 1.9253463 2.1205272 2.3914661 2.4657836 2.2511857 2.0238361 2.0598145 2.3617748 2.6740009 2.4019601 2.2815558 2.2083116 2.5330423 2.2183771 2.1448870 2.0296054 1.9534871 1.9740762 1.9521854 2.2165833 2.7597293 2.0508498 2.3346516 2.1613882 2.5183775 2.1984234 2.1489585 2.1313779 2.1679201 2.1111636 2.4396947 2.3585334 2.3463476 2.6987877 2.2945023 2.0838239 2.4492242 2.2897844 2.4497468 2.2993218 2.4821966 2.1419057 2.4609933 2.0104924 2.0845958 3.0559140 2.2222586 2.1546452 2.2058884 2.1253891 2.1149529 2.1203070 2.1138680 2.5486360 
GCF_002813775.1_ASM281377v1_6314_WP_100923053.1_magnesium-protoporphyrin_IX_monomethyl_ester_anaerobic_oxidative_cyclase__Candidatus_Thiodictyon_syntrophicum_ 0.3113112 0.3495154 0.3552381 0.0000000 0.1602326 0.3495154 0.3588273 0.1925189 0.3024635 0.3992946 0.3269649 0.3494205 0.3537538 0.3390852 0.3215185 0.3552381 2.6978465 0.1663019 0.3437394 0.3148765 0.3377662 0.3598069 0.3434240 0.3836707 0.3390852 0.3655318 0.3556984 0.3487754 0.3158894 2.4940616 2.3334032 2.7358357 2.5398544 2.5619007 2.4373023 2.5957591 2.3344568 2.4600337 2.4601969 2.5254343 2.6932028 2.6391084 2.1303090 2.5658279 2.6816520 2.5709346 2.3378090 2.6515300 2.0097353 2.2754963 2.7996955 2.6766679 2.4439891 2.1337632 2.4012088 3.2229850 3.1360853 2.1569197 2.7022805 2.3294426 2.2719970 2.4758575 2.2343458 2.7424567 2.6047365 2.3949898 2.6191903 2.7276610 2.7022805 2.8030380 2.3863324 2.5619007 2.3016567 2.5123417 2.4052238 2.6321271 2.3026548 2.7199497 2.0536357 2.8086919 2.8920049 2.4721441 2.5040016 2.4957039 2.2737043 2.9597220 2.8525888 2.7560198 3.0504168 3.0599931 3.0206973 2.0143513 2.3314847 2.4742136 2.5163432 2.2828036 2.1648799 2.1763219 2.2543563 2.8169076 2.5044232 2.4669240 2.4973205 2.5837888 2.3608119 2.2842364 2.1308736 2.2350138 2.1684622 2.1410209 2.7358357 2.9742089 2.6234665 2.2937416 2.2534590 2.5886582 2.4497343 2.3321732 2.4385385 2.2787051 2.4434943 2.6658496 2.5144177 2.4681237 2.7745868 2.3414110 2.2621480 2.1907234 2.6387672 2.4348086 2.3378090 2.8081952 2.3785975 2.3151058 2.1885938 2.3756691 3.3231378 2.4155412 2.3793639 2.4085635 2.3320776 2.3023238 2.3289128 2.3232811 2.5770771 
GCF_021228795.1_ASM2122879v1_1782_WP_232409820.1_magnesium-protoporphyrin_IX_monomethyl_ester_anaerobic_oxidative_cyclase__Thiocapsa_bogorovii_                0.3361724 0.4018325 0.3971114 0.1602326 0.0000000 0.4018325 0.4004538 0.1410344 0.3148464 0.3965547 0.3394019 0.3989922 0.3791880 0.3804464 0.3183268 0.3971114 2.9566001 0.0061543 0.3489954 0.3700748 0.3767663 0.3570872 0.3835186 0.3913455 0.3804464 0.4079974 0.3689318 0.3348434 0.3671629 3.0675554 2.4543040 3.1916911 2.6238695 2.7878513 2.9523002 3.0543311 2.6133483 2.7185401 2.6459030 2.6128653 3.0013913 2.7842589 2.4462838 3.0905262 2.8315626 2.8429469 2.4143570 3.2088188 2.3126106 2.4966697 2.9250873 2.9736288 2.8233089 2.5675389 2.8812191 3.5922085 3.4876234 2.6490251 3.0113939 2.8457086 2.6696905 2.6636081 2.5644499 2.8128544 2.7589784 2.8142866 2.8498255 2.5824750 3.0113939 3.2406480 2.9438947 2.7878513 2.3848894 2.6473842 2.7457698 3.0157482 2.7355487 2.7901852 2.7383748 2.9667028 2.8049531 2.6163880 2.9812331 2.5539897 2.7812513 3.4895220 2.9453607 3.0951271 3.3473189 3.1966146 3.3122369 2.2926475 2.4169826 3.0786818 2.9923997 2.7072174 2.5625113 2.6026078 2.7314581 3.2827099 2.9149378 2.7111293 3.0403206 2.7818438 3.0611983 2.6196687 2.4040504 2.4830108 2.2760613 2.2190427 3.1916911 3.1464528 3.1805397 2.6695296 2.8893963 3.1065746 2.6341503 2.3935917 2.5449425 2.5510328 2.7022443 2.7172912 2.8712583 2.9534406 2.8858012 2.4276644 2.4578414 2.6561164 2.7840722 3.0166431 2.4143570 3.0651139 2.8738282 2.7305382 2.3510542 2.5496307 3.5969812 2.7457765 2.6548922 2.7089888 2.6119821 2.5982091 2.6318296 2.5932290 2.9545789 
GCF_012647365.1_ASM1264736v1_796_WP_061350852.1_magnesium-protoporphyrin_IX_monomethyl_ester_anaerobic_oxidative_cyclase__Cereibacter_sphaeroides_             0.2476125 0.0000010 0.0266666 0.3495154 0.4018325 0.0000000 0.0086777 0.3755287 0.2448474 0.2042507 0.2426383 0.0012295 0.2739599 0.1314798 0.2865179 0.0266666 2.4376922 0.3980809 0.1808493 0.2441068 0.1320146 0.2091973 0.1668244 0.2480148 0.1314798 0.0345487 0.1370532 0.1972662 0.2492911 2.3318314 2.1398671 2.1609153 2.3301136 2.2692280 2.1168068 2.1593194 2.1954788 2.1258977 2.1345486 2.1129506 2.4061726 2.2366369 1.9367032 2.2516418 2.2861896 2.2632705 2.2520720 2.0036678 1.7772070 2.2647519 2.6416376 2.4977444 2.4538334 2.1755050 2.0852296 2.4776608 2.4848270 2.3053522 2.4141186 2.3547006 2.2920808 2.1277560 2.2934389 2.2780390 2.2766146 1.9672579 2.3781934 2.4105964 2.4141186 2.5232281 2.7403021 2.2692280 2.2073681 2.3391452 2.1445689 2.5114280 2.0484676 2.5718551 1.9968475 2.6325361 2.3479990 2.1612292 2.3855098 2.1040577 2.1013779 2.5433999 2.3615615 2.3745453 2.6150482 2.7087684 2.5919314 1.8616253 2.0914699 2.3169786 2.3778647 2.2090890 1.9185962 1.9891394 2.2670714 2.4828175 2.2468891 2.2842501 2.1826861 2.3733281 2.2346990 2.0380840 1.9400692 1.8971316 1.8941805 1.8547564 2.1609153 2.6151418 2.0971963 2.2696151 2.0250734 2.3730904 2.1222543 2.0979143 2.1117641 1.9957363 2.0539326 2.3600242 2.2816056 2.2476916 2.4714494 2.2475912 1.9745961 2.3726002 2.2416925 2.3988225 2.2520720 2.4841284 1.9713436 2.2956997 1.9208966 2.0226038 2.9987998 2.1811045 2.1229701 2.1376860 2.0612491 2.0512190 2.0563415 2.0316267 2.3806966 
GCF_005311585.1_ASM531158v1_957_WP_112330330.1_MULTISPECIES__magnesium-protoporphyrin_IX_monomethyl_ester_anaerobic_oxidative_cyclase__Cereibacter_            0.2461684 0.0086777 0.0253332 0.3588273 0.4004538 0.0086777 0.0000000 0.3704669 0.2434230 0.2069728 0.2372259 0.0074256 0.2792024 0.1257114 0.2915661 0.0253332 2.4292230 0.3967158 0.1835974 0.2400721 0.1262180 0.2105161 0.1676785 0.2509615 0.1257114 0.0331691 0.1282427 0.1904530 0.2409206 2.3704050 2.1523900 2.0929853 2.2727370 2.2548542 2.1658140 2.1128612 2.1987401 2.1107384 2.1157861 2.0871521 2.4251840 2.1854242 1.9627042 2.3063663 2.2332538 2.2488948 2.2212188 2.0914206 1.8135467 2.2344175 2.6116526 2.4368646 2.4109507 2.2135430 2.0977561 2.4963458 2.5036283 2.3206778 2.4332248 2.3595821 2.3070348 2.1343381 2.2441853 2.2313116 2.2239364 2.0403519 2.3642563 2.3587132 2.4332248 2.5221192 2.8047750 2.2548542 2.1775828 2.2493137 2.1957687 2.4916234 2.0922386 2.5940646 1.9977068 2.6436573 2.3236430 2.2130273 2.4028335 2.0573110 2.1314764 2.5582731 2.3084611 2.3872999 2.5805969 2.6645277 2.5579773 1.8642342 2.0764845 2.2695357 2.3767292 2.1893856 1.9553983 2.0051249 2.2993772 2.5072306 2.2905563 2.2325372 2.0965434 2.3626478 2.1482167 2.0566844 1.9661337 1.9045916 1.8650273 1.8453137 2.0929853 2.6367945 2.0668508 2.2845029 2.1007849 2.4343398 2.1288046 2.1042000 2.0658453 2.0411856 2.0406598 2.3391331 2.2437617 2.1808088 2.4852821 2.2169490 1.9933465 2.3888429 2.1903006 2.3579246 2.2212188 2.4543725 2.0443297 2.3371186 1.9408485 1.9737292 2.9689519 2.1457750 2.1093839 2.1286436 2.0525959 2.0426026 2.0477030 2.0231420 2.4428743 
GCA_016745215.1_scaff03_2524_QQO54078.1_MAG__magnesium-protoporphyrin_IX_monomethyl_ester_anaerobic_oxidative_cyclase__Thiohalocapsa_sp._PB-PSB1_              0.3171819 0.3755287 0.3666682 0.1925189 0.1410344 0.3755287 0.3704669 0.0000000 0.2918373 0.3506478 0.3302327 0.3755287 0.3576855 0.3688751 0.2854559 0.3666682 2.7826259 0.1433500 0.3213857 0.3275227 0.3701096 0.3365287 0.3556077 0.3440410 0.3688751 0.3713330 0.3663448 0.3126759 0.3233549 2.7885425 2.1553608 2.8284612 2.3084271 2.6377095 2.6858130 2.7399472 2.4098644 2.5986675 2.4559448 2.4800652 2.5540988 2.6582215 2.2021076 2.6814253 2.7005203 2.6185334 2.2867027 2.6929067 2.1735076 2.5114026 2.7272016 2.6769550 2.5843468 2.5204625 2.6820452 3.2551113 3.1696868 2.3301001 2.5626805 2.2937183 2.3107227 2.4715737 2.6006401 2.5493853 2.6239722 2.3619704 2.6113112 2.4595318 2.5626805 2.8010902 2.4357894 2.6377095 2.3208230 2.5633598 2.5408244 2.8830007 2.5262772 2.5100865 2.4502821 2.8902591 2.5959310 2.5089769 2.9362643 2.4662090 2.2525304 3.3397951 2.8295274 2.8288042 2.8222215 2.6742438 2.7963878 2.2111260 2.2056449 2.8945575 2.7752448 2.5006567 2.3573566 2.2534371 2.5358916 3.0454982 2.5997816 2.6359816 2.6904920 2.5467789 2.6203054 2.5072384 2.1882167 2.3281214 2.2609231 2.2404233 2.8284612 3.1118444 2.7890445 2.2114035 2.5857505 2.8046361 2.4152406 2.1811343 2.6344252 2.7327265 2.6315108 2.5114731 2.6050407 2.8089027 2.5939959 2.3608319 2.2597271 2.3273833 2.6579043 2.7250510 2.2867027 3.0360505 2.3592841 2.4254134 2.4501769 2.4194696 3.3302349 2.5087504 2.6092068 2.4525377 2.3202234 2.2907461 2.3366068 2.3066845 2.7605032 
GCF_000026145.1_ASM2614v1_1554_WP_011924758.1_magnesium-protoporphyrin_IX_monomethyl_ester_anaerobic_oxidative_cyclase__Bradyrhizobium_sp._ORS_278_            0.0202348 0.2448474 0.2439541 0.3024635 0.3148464 0.2448474 0.2434230 0.2918373 0.0000000 0.2037384 0.1654184 0.2442550 0.1869054 0.2162405 0.2175066 0.2439541 2.8328171 0.3093463 0.2039179 0.1585453 0.2110922 0.2080930 0.2221052 0.2208887 0.2162405 0.2482416 0.1948987 0.1998024 0.1588230 2.6656776 2.4955333 2.8001443 2.5203318 2.5122232 2.7597558 2.8135541 2.5588256 2.5716555 2.4499100 2.7452042 2.7082521 2.9796763 2.3028980 2.9487649 3.0353376 2.6876881 2.5627135 2.7812650 2.2801924 2.4235016 3.0805174 2.6229471 2.8150274 2.5895874 2.3218508 2.6083787 2.6161757 2.5587768 2.7176290 2.7348366 2.5804524 2.4658509 2.3945268 2.4444352 2.9299211 2.2788350 2.4673335 2.6024284 2.7176290 2.8249375 3.3580596 2.5122232 2.5801589 2.4734591 2.6960440 2.6098476 2.3424263 2.7357876 2.4653911 2.9207447 2.6002977 2.5708759 2.8808693 2.7071503 2.2968524 3.5366650 2.4168628 2.8168636 2.7910507 3.0009358 2.7650804 2.1829889 2.4433366 2.8304294 2.7397014 2.3396192 2.4978373 2.2825303 2.7701215 3.0575020 2.5042124 2.4966794 2.3804862 2.6094711 2.6709088 2.3947349 2.3241091 2.3047218 2.3949358 2.3436569 2.8001443 3.0052170 2.8124625 2.5882814 2.6934719 3.0639500 2.5086983 2.4292260 2.5158547 2.6344645 2.2585509 3.0290964 2.8972941 2.6563539 2.5431763 2.6348192 2.4526792 2.6348297 2.9797755 2.7357554 2.5627135 2.6638684 2.2727587 2.7852968 2.3587417 2.2848866 3.1732104 2.5189405 2.4230688 2.5923160 2.4625454 2.4386795 2.4505235 2.4203771 3.2236305 
GCF_009363615.1_ASM936361v1_1948_WP_152458402.1_magnesium-protoporphyrin_IX_monomethyl_ester_anaerobic_oxidative_cyclase__Ruegeria_sp._THAF33_                 0.2098435 0.2042507 0.2189611 0.3992946 0.3965547 0.2042507 0.2069728 0.3506478 0.2037384 0.0000000 0.2337432 0.2042074 0.2650268 0.1696941 0.2703590 0.2189611 2.9047340 0.3851064 0.1545743 0.2017733 0.1685389 0.1932889 0.1719036 0.1920715 0.1696941 0.2093574 0.1484091 0.1915279 0.2005375 2.7761586 2.2821364 2.6212589 2.3648832 2.3133408 2.4423473 2.4203788 2.3111511 2.3114735 2.1486965 2.2119544 2.3880531 2.3063374 2.1341586 2.5741858 2.3450539 2.3771868 2.2666517 2.3532501 2.0780484 2.2542669 2.4582759 2.5887228 2.6180858 2.4026756 2.1537870 2.6950602 2.7018720 2.3027785 2.3959577 2.4012446 2.1897293 2.1613793 2.5902045 2.2222421 2.3525754 2.1642281 2.6134155 2.4877305 2.3959577 2.9999987 2.7085291 2.3133408 2.3196989 2.4790480 2.3830650 2.5818096 2.1396734 2.4114550 2.3766735 2.4462128 2.4313157 2.4618174 2.5137502 2.1893760 2.2072101 2.9764369 2.4424288 2.7936530 2.9716643 2.9982485 2.9433850 2.0605482 2.1788575 2.8720970 2.8362216 2.1905929 2.0265708 2.2054867 2.5601990 2.6871176 2.4099446 2.4405883 2.3828641 2.5591056 2.5678367 2.1951024 2.1242536 2.1983342 2.4257457 2.3947622 2.6212589 2.6079117 2.5266859 2.2516928 2.3803031 2.8204754 2.1848590 2.1308728 2.2192011 2.1064519 2.2305190 2.5529679 2.3982779 2.4686434 2.6451284 2.3630063 2.2052329 2.4018317 2.3116487 2.5118874 2.2666517 2.4986854 2.1616422 2.3607800 2.5112521 2.2288929 2.9499389 2.2463806 2.3488685 2.2557917 2.1583794 2.1506607 2.1495798 2.1475361 2.6455646 
GCF_000015585.1_ASM1558v1_1649_WP_011814411.1_magnesium-protoporphyrin_IX_monomethyl_ester_anaerobic_oxidative_cyclase__Halorhodospira_halophila_              0.1789993 0.2426383 0.2335263 0.3269649 0.3394019 0.2426383 0.2372259 0.3302327 0.1654184 0.2337432 0.0000000 0.2446652 0.2078500 0.2239895 0.2085705 0.2335263 3.1015077 0.3319491 0.2097910 0.1798787 0.2209129 0.2244152 0.2293875 0.2529549 0.2239895 0.2401349 0.2182180 0.1823576 0.1842586 2.8828390 2.4028875 2.8802398 2.4228487 2.6015749 2.5595150 2.5953592 2.6307961 2.6596872 2.6723945 2.8236331 2.8476060 2.9425738 2.4177642 2.7106271 2.9964801 2.7563270 2.6966911 2.7949387 2.1835010 2.7527063 2.9293688 2.6820741 2.8262857 2.5908127 2.4835016 2.7465087 2.7202707 2.5000062 2.8572374 2.5258144 2.5505820 2.6907926 2.6464980 2.6364721 2.9165995 2.4023377 2.6888969 2.6407181 2.8572374 2.9132192 3.0596064 2.6015749 2.6506111 2.5282684 2.8195253 3.0062721 2.4926899 2.9368425 2.4817866 2.7631996 2.5776877 2.5054212 3.0205661 2.7506618 2.3682337 3.2230966 2.4836303 3.0513523 2.9668072 2.9236857 2.9375397 2.2646734 2.4018548 3.0218551 2.8451699 2.4830784 2.3890804 2.3552739 2.6164881 2.7952129 2.7552611 2.5445478 2.5637092 2.4090088 2.4456473 2.3021155 2.3806442 2.4156997 2.3003920 2.2792954 2.8802398 3.1462609 2.8578793 2.5932850 2.7943927 2.8155289 2.7354910 2.3993868 2.6008204 2.3628145 2.5418425 2.7726232 2.7600033 2.8086519 2.5336067 2.7070835 2.6012300 2.3848461 2.9426104 2.8304041 2.6966911 2.9536066 2.4337990 2.6490741 2.3438054 2.3988134 3.1984560 2.7595240 2.5850691 2.5922796 2.4337103 2.4302801 2.4222657 2.3951909 2.7566628 
GCF_000021005.1_ASM2100v1_1547_WP_015920853.1_magnesium-protoporphyrin_IX_monomethyl_ester_anaerobic_oxidative_cyclase__Cereibacter_sphaeroides_               0.2470116 0.0012295 0.0279735 0.3494205 0.3989922 0.0012295 0.0074256 0.3755287 0.2442550 0.2042074 0.2446652 0.0000000 0.2761822 0.1297911 0.2865179 0.0279735 2.4376922 0.3952600 0.1808119 0.2462037 0.1303182 0.2091973 0.1650017 0.2480148 0.1297911 0.0358763 0.1353383 0.1972245 0.2470811 2.3127042 2.1228119 2.1442180 2.3113369 2.2514842 2.1007783 2.1424561 2.1782366 2.1097530 2.1178263 2.0965418 2.3867499 2.2188615 1.9225985 2.2341312 2.2678299 2.2455306 2.2342780 1.9886225 1.7645851 2.2460900 2.6188277 2.4766451 2.4330168 2.1580793 2.0692105 2.4569026 2.4639895 2.2861671 2.3946423 2.3347885 2.2732385 2.1111181 2.2723625 2.2600601 2.2583425 1.9522405 2.3582048 2.3906782 2.3946423 2.5006771 2.7403021 2.2514842 2.1901953 2.3199953 2.1279173 2.4903988 2.0327984 2.5501755 1.9820772 2.6093506 2.3290754 2.1444280 2.3657392 2.0877968 2.0852483 2.5211620 2.3425540 2.3549723 2.5919314 2.6845016 2.5691322 1.8483266 2.0755263 2.2975695 2.3584934 2.1913813 1.9341036 1.9746946 2.2483547 2.4620163 2.2286735 2.2663214 2.1658266 2.3538055 2.2166507 2.0228736 1.9259344 1.8835723 1.8806530 1.8416518 2.1442180 2.5921756 2.0806868 2.2506620 2.0096300 2.3538696 2.1056805 2.0819274 2.0958013 1.9805748 2.0376177 2.3390629 2.2630064 2.2298941 2.4506073 2.2299197 1.9595532 2.3528738 2.2238562 2.3788954 2.2342780 2.4841284 1.9563518 2.2770894 1.9071282 2.0075930 2.9691186 2.1636802 2.1063648 2.1213565 2.0458178 2.0358774 2.0409484 2.0165635 2.3612234 
GCF_022846615.1_ASM2284661v1_2179_WP_244459497.1_magnesium-protoporphyrin_IX_monomethyl_ester_anaerobic_oxidative_cyclase__Roseomonas_fluvialis_               0.2009995 0.2739599 0.2733554 0.3537538 0.3791880 0.2739599 0.2792024 0.3576855 0.1869054 0.2650268 0.2078500 0.2761822 0.0000000 0.2576553 0.1569058 0.2733554 2.8434711 0.3756534 0.2527080 0.2049053 0.2536040 0.2604593 0.2888815 0.2105483 0.2576553 0.2785380 0.2574047 0.2642518 0.2094191 2.1987765 2.1258524 2.6388562 2.2441596 2.3581741 2.4974535 2.6408515 2.5183690 2.2742773 2.4509665 2.3873646 2.7004629 2.5079691 2.0916759 2.4899482 2.5470866 2.4855599 2.4292875 2.3897580 2.1536441 2.5980253 2.6059129 2.6360687 2.5642886 2.4370541 2.1386253 2.8013377 2.7754678 2.3713880 2.7094658 2.5721998 2.4083894 2.4668245 2.4373626 2.4737946 2.4733462 2.1991400 2.6023017 2.5983164 2.7094658 2.5476314 3.1017066 2.3581741 2.4895845 2.4884768 2.4657670 2.4819019 2.1420632 2.8285827 2.2405550 3.0195650 2.5312672 2.4686910 2.3614744 2.3853104 2.2065767 3.1110207 2.5968689 3.0158528 2.8904421 2.8670044 2.8629053 1.9912698 2.3665243 2.5598520 2.5752123 2.1616279 2.2171281 2.2041468 2.2999973 2.7453325 2.6209060 2.3688270 2.4119143 2.6281171 2.4267362 2.1560484 2.0863629 2.1486213 2.1620278 2.1543838 2.6388562 2.7660422 2.6028954 2.4095329 2.3745340 2.5533532 2.3980567 2.2935086 2.4043208 2.2974700 2.2899947 2.9745630 2.5770667 2.4806423 2.6383316 2.5398110 2.3451079 2.3911952 2.5075195 2.5285310 2.4292875 2.8814286 2.1461561 2.4829563 2.1086619 2.3311503 3.0528707 2.4618087 2.3503347 2.3932842 2.2833878 2.2870982 2.2732686 2.2475765 2.6521663 
GCF_029277405.1_ASM2927740v1_671_WP_055209583.1_magnesium-protoporphyrin_IX_monomethyl_ester_anaerobic_oxidative_cyclase__Rhodobacter_capsulatus_              0.2251668 0.1314798 0.1274995 0.3390852 0.3804464 0.1314798 0.1257114 0.3688751 0.2162405 0.1696941 0.2239895 0.1297911 0.2576553 0.0000000 0.2882063 0.1274995 2.7573634 0.3749781 0.1733660 0.2020066 0.0049057 0.1800548 0.1252490 0.2236546 0.0000010 0.1393594 0.0482321 0.1852958 0.2026972 2.3887557 2.2593294 2.4091642 2.0298941 2.3205583 2.0923441 2.3706474 2.1999736 2.2454647 2.3701190 2.4002357 2.4456499 2.3849100 2.1927139 2.2629130 2.4400385 2.4449812 2.0841195 2.1920108 2.1218286 2.3973644 2.6253870 2.6017990 2.4350575 2.2726400 2.2746283 2.5265781 2.5050011 2.1363073 2.4537975 2.3359456 2.1508119 2.3849216 2.2734449 2.3805618 2.4277541 2.0613730 2.3403640 2.3418105 2.4537975 2.7228888 2.8609713 2.3205583 2.0783638 2.2774390 2.4708822 2.4495556 2.2479483 2.5647241 1.9776653 2.5274429 2.4505967 2.3352650 2.5324930 2.3473607 2.1881163 2.8032862 2.3655320 2.5658717 2.8306987 2.9639711 2.8049758 2.0887765 2.2754053 2.3738278 2.5334341 2.2753435 2.0258267 2.2663104 2.3260839 2.5043501 2.3955335 2.2231118 2.2538949 2.4563635 2.2138957 2.2083195 2.1967821 2.1369367 2.0332562 2.0111201 2.4091642 2.4670699 2.2261562 2.2242048 2.1571188 2.3315095 2.3782294 2.2465174 2.3009391 2.1876920 2.2805816 2.4759438 2.3162221 2.2924881 2.5404609 2.1147735 2.2795728 2.3027524 2.3905452 2.2874205 2.0841195 2.5648521 2.1006827 2.3013952 1.9115301 2.0725486 2.8879237 2.4308849 2.2351190 2.0628599 2.0254812 2.0157743 2.0175406 2.0158501 2.3324335 
GCF_019203965.1_ASM1920396v1_613_WP_235692001.1_magnesium-protoporphyrin_IX_monomethyl_ester_anaerobic_oxidative_cyclase__Elioraea_tepida_                     0.2263181 0.2865179 0.2789840 0.3215185 0.3183268 0.2865179 0.2915661 0.2854559 0.2175066 0.2703590 0.2085705 0.2865179 0.1569058 0.2882063 0.0000000 0.2789840 3.3079618 0.3183218 0.2425831 0.1975655 0.2812705 0.2788997 0.2610988 0.2440138 0.2882063 0.2885590 0.2740387 0.2301277 0.2002581 2.7630906 2.4384227 3.0180996 2.2155240 3.0840235 3.0016443 3.0552680 2.4959002 2.5385737 2.8297111 2.8860342 2.8794517 3.0582357 2.3206630 2.8240601 2.9915123 3.1790793 2.7144159 2.6682222 2.3207717 2.9593040 2.4997223 2.7203796 2.9868377 2.6938103 2.4741843 3.3756841 3.3323350 2.6475226 2.8909306 2.7817019 2.5510416 2.8160814 2.9171155 2.9317054 2.9699167 2.3643807 3.1588712 2.6638432 2.8909306 3.5308440 2.7933077 3.0840235 2.8311667 2.7814397 2.9172500 2.9103545 2.3320078 3.0122811 2.5940494 3.1156517 2.9202052 2.8814265 2.7634615 2.9113936 2.3503549 3.7487839 2.7406465 3.8131668 2.8967879 2.8423227 2.8646352 2.2641800 2.3580151 2.7337352 3.0256172 2.6208824 2.5440254 2.4807914 2.8435294 2.8984634 3.0841572 2.5033130 3.1271280 2.6363635 2.7556318 2.4612978 2.3046070 2.4798320 2.5738118 2.6116967 3.0180996 3.1496419 2.8954552 2.6463066 2.4764686 3.1484744 2.7093226 2.3074524 2.6168680 2.3309273 2.6380438 2.7988572 2.8540632 2.9053921 3.1076162 2.9073471 2.3975090 2.5346788 2.9783635 2.7564892 2.7144159 3.0899605 2.3596212 2.7103021 2.6411090 2.6751631 3.3991181 2.8698425 2.5062399 2.8356410 2.6436678 2.6957301 2.6633502 2.5759746 2.8921731 
GCF_022227035.1_ASM2222703v1_975_WP_108221399.1_MULTISPECIES__magnesium-protoporphyrin_IX_monomethyl_ester_anaerobic_oxidative_cyclase__Cereibacter_           0.2536353 0.0266666 0.0000010 0.3552381 0.3971114 0.0266666 0.0253332 0.3666682 0.2439541 0.2189611 0.2335263 0.0279735 0.2733554 0.1274995 0.2789840 0.0000000 2.5437952 0.3919575 0.1897965 0.2455831 0.1280140 0.2048545 0.1751659 0.2467843 0.1274995 0.0465952 0.1301858 0.1809778 0.2531443 2.4521459 2.2402335 2.2165833 2.3594077 2.3652641 2.2140683 2.2332872 2.3282553 2.1568544 2.2114078 2.1752074 2.5781772 2.2845600 2.0260358 2.3825674 2.3357268 2.3592952 2.2993218 2.1309090 1.9200101 2.3000276 2.7045436 2.6456918 2.4784980 2.2610948 2.1781867 2.6931353 2.7011722 2.3848544 2.5865830 2.4706555 2.3020381 2.2042093 2.3815313 2.3641662 2.2729547 2.1381642 2.5267675 2.4899967 2.5865830 2.6275190 2.9543272 2.3652641 2.2528889 2.3905603 2.3294904 2.5031685 2.1187380 2.7557509 2.1236205 2.7923572 2.4492793 2.2556279 2.5471281 2.1432139 2.1805714 2.6834712 2.4437192 2.5444390 2.7207450 2.8592260 2.6964037 1.9253463 2.1205272 2.3914661 2.4657836 2.2511857 2.0238361 2.0598145 2.3617748 2.6740009 2.4019601 2.2815558 2.2083116 2.5330423 2.2183771 2.1448870 2.0296054 1.9534871 1.9740762 1.9521854 2.2165833 2.7597293 2.0508498 2.3346516 2.1613882 2.5183775 2.1984234 2.1489585 2.1313779 2.1679201 2.1111636 2.4396947 2.3585334 2.3463476 2.6987877 2.2945023 2.0838239 2.4492242 2.2897844 2.4497468 2.2993218 2.4821966 2.1419057 2.4609933 2.0104924 2.0845958 3.0559140 2.2222586 2.1546452 2.2058884 2.1253891 2.1149529 2.1203070 2.1138680 2.5486360 
GCF_000015165.1_ASM1516v1_5767_WP_012046020.1_MULTISPECIES__isoprenylcysteine_carboxylmethyltransferase_family_protein__Bradyrhizobium_                        2.8471359 2.4376922 2.5437952 2.6978465 2.9566001 2.4376922 2.4292230 2.7826259 2.8328171 2.9047340 3.1015077 2.4376922 2.8434711 2.7573634 3.3079618 2.5437952 0.0000000 2.9772123 3.2450681 3.1339990 2.7573634 3.1729764 2.7962061 3.7601439 2.7573634 2.5206307 2.6296556 3.0052528 3.1339990 1.8666107 2.0319634 1.9729916 1.9498628 2.0143146 2.2534458 2.2406282 2.1704679 1.8639943 1.6752375 1.6318736 2.1511101 1.9716192 2.2771559 2.1762427 1.8498256 1.7722998 2.2680464 1.8793142 2.5177105 1.7268757 1.9609714 2.2817619 1.9781332 1.7616650 1.8944907 2.1487074 2.1487074 1.8986767 2.0659184 1.8491624 1.9386230 1.6752375 2.3253172 2.0141153 1.8735520 2.0851362 2.0909133 1.8306565 2.0659184 2.1494456 1.7537458 2.0143146 2.1869686 2.2668062 1.6713191 1.8636694 1.8935891 2.0536563 1.6329633 2.2785865 1.9182652 1.9543052 1.9727116 1.6941345 2.2733237 2.1721006 2.1450444 2.4821151 2.4040688 2.5532529 2.3662473 2.2718486 1.6351936 1.9295685 2.0877698 1.6726361 1.9913184 2.2392260 2.3620729 1.7605847 1.8702583 2.2466422 1.8019710 1.9408711 1.7708154 2.1251143 2.2644993 1.9475050 2.9194852 2.6006564 1.9729916 1.8976462 1.9988979 2.0485804 2.4478454 2.0514878 1.7318736 1.6528213 1.7181490 1.8690253 1.6744829 1.9013704 2.0242042 2.0600626 1.8359452 2.1920958 1.7550313 1.8973631 1.8781442 2.2035823 2.2680464 3.0085587 1.8948069 2.0397725 2.3105986 1.9142328 2.0230222 1.9330461 1.8639943 1.8993989 1.9868956 1.9738530 1.9720735 1.9702776 2.0218692 
GCF_018399035.1_ASM1839903v1_2646_WP_213457989.1_magnesium-protoporphyrin_IX_monomethyl_ester_anaerobic_oxidative_cyclase__Thiocapsa_sp._                      0.3304441 0.3980809 0.3919575 0.1663019 0.0061543 0.3980809 0.3967158 0.1433500 0.3093463 0.3851064 0.3319491 0.3952600 0.3756534 0.3749781 0.3183218 0.3919575 2.9772123 0.0000000 0.3456573 0.3610804 0.3713172 0.3556289 0.3780642 0.3817824 0.3749781 0.3994487 0.3634758 0.3293817 0.3581797 3.0339908 2.4699825 3.2942738 2.6748174 2.8320571 2.9997412 3.0801886 2.6527299 2.7477608 2.6401113 2.6391130 2.9690625 2.7757028 2.5120055 3.1406537 2.8227452 2.8892760 2.4489586 3.2217008 2.3741793 2.5230774 2.9880835 2.9992334 2.9064608 2.6358628 2.9164528 3.4988200 3.4469345 2.6852614 2.9790049 2.8907687 2.7115044 2.6577640 2.5905819 2.8597159 2.7505648 2.8589891 2.8613221 2.6210007 2.9790049 3.2539598 3.0303548 2.8320571 2.4189727 2.6321366 2.7375616 2.9124772 2.7675687 2.7991052 2.8173363 2.9793499 2.8491573 2.6562768 3.0652077 2.5790423 2.8183506 3.4775466 3.0086798 3.1094488 3.3828772 3.2742007 3.3468504 2.3517518 2.4523697 3.0435371 2.9901495 2.7487143 2.5691808 2.6741131 2.7743131 3.3157517 2.9824702 2.7530124 3.1523732 2.7925482 3.1592095 2.6918055 2.4680749 2.4973492 2.3080018 2.2497001 3.2942738 3.1583903 3.2363485 2.7109826 2.8971392 3.1573176 2.6283695 2.4283712 2.5166161 2.6224778 2.7342488 2.7627925 2.9063848 2.9964533 2.8975708 2.4627757 2.4814848 2.7086243 2.7755055 3.1074343 2.4489586 3.0653245 2.9197154 2.7836161 2.3840097 2.5566123 3.5871454 2.7772113 2.6838245 2.7157902 2.6183780 2.6045690 2.6382875 2.5995183 3.0017050 
GCF_029581395.1_ASM2958139v1_3374_WP_277807052.1_magnesium-protoporphyrin_IX_monomethyl_ester_anaerobic_oxidative_cyclase__Roseinatronobacter_sp._S2_          0.1943447 0.1808493 0.1897965 0.3437394 0.3489954 0.1808493 0.1835974 0.3213857 0.2039179 0.1545743 0.2097910 0.1808119 0.2527080 0.1733660 0.2425831 0.1897965 3.2450681 0.3456573 0.0000000 0.2114905 0.1721832 0.1839054 0.1394689 0.1863633 0.1733660 0.1950344 0.1547646 0.1026255 0.2056190 2.5685860 2.3506965 2.4912590 2.4488790 2.4889820 2.3875663 2.4319351 2.2596739 2.1776614 2.2805183 2.2698333 2.3876132 2.4082494 2.0828812 2.4869988 2.4441882 2.4953392 2.3895604 2.2811288 2.1609207 2.3932842 2.6625015 2.5238708 2.6734571 2.2270527 2.1101908 2.8848809 2.8580109 2.2729719 2.3955091 2.4449632 2.3136905 2.2945459 2.7632827 2.3636422 2.4501738 2.1147071 2.7110641 2.3347435 2.3955091 2.6966973 2.9438607 2.4889820 2.3455637 2.5490636 2.3816263 2.4835966 2.0804596 2.3001029 2.4112909 2.6907004 2.2603430 2.3520432 2.6005875 2.2456738 2.2960857 2.8059907 2.2863832 2.6848686 2.6335605 2.9571960 2.6103628 2.0175606 2.1451443 2.6198064 2.5757362 2.4444162 2.2108504 2.1396232 2.4416203 2.7455726 2.2055702 2.4725698 2.6640976 2.4752177 2.5061477 2.1841993 2.0732852 2.2145408 2.2747626 2.2471800 2.4912590 2.4373028 2.7267730 2.4447484 2.2506206 2.5888428 2.3743087 2.1137423 2.3523557 2.1276705 2.3770941 2.6695485 2.4781497 2.5046860 2.4991724 2.3905281 2.2429411 2.5271061 2.4077475 2.4639229 2.3895604 2.7166378 2.0759546 2.3457386 2.2311492 2.4112837 2.9069214 2.4417332 2.1683682 2.3016530 2.2066038 2.2050334 2.1971930 2.1752788 2.5894155 
GCF_022370455.1_ASM2237045v1_1588_WP_029648448.1_magnesium-protoporphyrin_IX_monomethyl_ester_anaerobic_oxidative_cyclase__Methylocystis_sp._SB2_              0.1719647 0.2441068 0.2455831 0.3148765 0.3700748 0.2441068 0.2400721 0.3275227 0.1585453 0.2017733 0.1798787 0.2462037 0.2049053 0.2020066 0.1975655 0.2455831 3.1339990 0.3610804 0.2114905 0.0000000 0.1969618 0.2345579 0.2169447 0.2242963 0.2020066 0.2357824 0.2042401 0.2283422 0.0050898 2.2759365 2.2520916 2.6201423 2.0262216 2.2763422 2.3970211 2.6513833 2.5523576 2.2371600 2.3103866 2.3676686 2.4952511 2.3686238 2.3001987 2.5216962 2.4050185 2.3246512 2.3701114 2.3503487 2.0551753 2.2967261 2.2992140 2.2449887 2.5021107 2.2939754 2.0913950 2.4950459 2.5007586 2.2363008 2.5039325 2.5039330 2.3240391 2.3268614 2.6207652 2.0761806 2.3332070 2.0804624 2.3431843 2.2526014 2.5039325 2.7759540 2.7233175 2.2763422 2.3868595 2.2146029 2.3805342 2.5303365 2.1677640 2.5305469 2.2165642 2.3764464 2.1645712 2.3589451 2.6827819 2.3386440 2.0013048 3.2213977 2.2233211 2.8005544 2.4622917 2.3842593 2.4409939 2.1445636 2.2447382 2.4504635 2.6041325 2.3928821 2.2006506 2.3662703 2.5375412 2.5309913 2.3059793 2.3054779 2.3188822 2.1678729 2.3168137 2.2692817 2.2649816 2.2330233 2.3372572 2.3261789 2.6201423 2.7085214 2.6800747 2.2847654 2.4235338 2.7197061 2.3905775 2.2503501 2.2521726 2.3181854 2.1205283 2.4744690 2.4873652 2.4263500 2.3041374 2.4342986 2.2769296 2.3157796 2.3680821 2.3973063 2.3701114 2.6776948 2.0107973 2.5334598 2.2965391 2.1355861 2.6587333 2.3341070 2.1119277 2.2438827 2.1451334 2.1208948 2.1361160 2.1130256 2.6439043 
GCF_000021865.1_ASM2186v1_669_WP_013066413.1_magnesium-protoporphyrin_IX_monomethyl_ester_anaerobic_oxidative_cyclase__Rhodobacter_capsulatus_                 0.2241573 0.1320146 0.1280140 0.3377662 0.3767663 0.1320146 0.1262180 0.3701096 0.2110922 0.1685389 0.2209129 0.1303182 0.2536040 0.0049057 0.2812705 0.1280140 2.7573634 0.3713172 0.1721832 0.1969618 0.0000000 0.1806569 0.1257571 0.2205497 0.0049057 0.1381908 0.0455467 0.1803998 0.1976352 2.3959031 2.2490653 2.4025847 2.0145010 2.3148786 2.0646662 2.3358426 2.1819314 2.2270048 2.3193416 2.3767183 2.3787677 2.4150958 2.1972376 2.2313351 2.4570866 2.4385866 2.1023941 2.1724255 2.1416564 2.4037043 2.5647710 2.5766741 2.4555051 2.3071574 2.2551823 2.5758245 2.5536252 2.1281090 2.3866790 2.3842203 2.1702768 2.3335651 2.3044476 2.3596683 2.4588003 2.0450531 2.3799627 2.3080559 2.3866790 2.6748583 2.8941513 2.3148786 2.0965072 2.2209566 2.4782839 2.4567743 2.2550186 2.4922328 2.0091207 2.5035235 2.4139477 2.3482006 2.5085426 2.3249173 2.2403613 2.8255505 2.3451885 2.5418016 2.7605135 2.9594469 2.7359653 2.0695007 2.2561704 2.3627127 2.5385282 2.2783434 2.0072685 2.2346633 2.3855200 2.5089910 2.3576345 2.2685928 2.3033684 2.3615454 2.2473092 2.1995969 2.2013192 2.0832428 2.0008040 1.9794193 2.4025847 2.4744801 2.2329643 2.2289525 2.1790885 2.2980879 2.3269113 2.2278410 2.2814521 2.2019977 2.2573584 2.4830826 2.3350546 2.3428938 2.5169304 2.1334485 2.3082071 2.2927776 2.4208440 2.3376954 2.1023941 2.6228562 2.0838265 2.2817707 1.8786775 2.0903704 2.8565583 2.4084874 2.2499182 2.0556498 2.0186228 2.0089951 2.0107615 2.0090960 2.2987479 
GCF_008728195.1_ASM872819v1_1788_WP_057813946.1_magnesium-protoporphyrin_IX_monomethyl_ester_anaerobic_oxidative_cyclase__Roseovarius_indicus_                 0.2162125 0.2091973 0.2048545 0.3598069 0.3570872 0.2091973 0.2105161 0.3365287 0.2080930 0.1932889 0.2244152 0.2091973 0.2604593 0.1800548 0.2788997 0.2048545 3.1729764 0.3556289 0.1839054 0.2345579 0.1806569 0.0000000 0.1870499 0.1379077 0.1800548 0.2121289 0.1688190 0.2005348 0.2327433 2.3653124 2.3327835 2.6161072 2.4563665 2.3099409 2.5846308 2.4378794 2.1353891 2.3317336 2.2447556 2.3755426 2.4899605 2.5910037 2.0748271 2.5415048 2.6337590 2.3717141 2.2052016 2.1957202 2.0877579 2.2827554 2.5539943 2.5707597 2.4779868 2.3214365 2.1917129 2.6978369 2.7061275 2.5170913 2.4985334 2.4751750 2.4971266 2.2587835 2.5377483 2.2343709 2.6355709 2.0833388 2.6402365 2.3756999 2.4985334 2.8018735 3.0960083 2.3099409 2.1972406 2.2899812 2.4362550 2.5460294 2.1684312 2.3282247 2.2213998 2.5069949 2.4543012 2.2907968 2.4189563 2.3333612 2.2865061 3.1978562 2.3486746 2.6093324 2.4274066 2.6473614 2.4065472 2.0067325 2.2332764 2.9284958 2.6723547 2.2890115 2.2785135 2.2987578 2.6052897 2.6537768 2.1903715 2.2705709 2.6883842 2.4189917 2.4409645 2.2221108 2.0668306 2.2726254 2.2277563 2.2070934 2.6161072 2.7028213 2.6365592 2.3854323 2.1930474 2.8453988 2.2135997 2.1878313 2.5878453 2.2070044 2.3653392 2.5915818 2.3784783 2.4650320 2.3193507 2.2377913 2.2025015 2.6428960 2.5906055 2.4371934 2.2052016 2.5015301 2.1320736 2.2715312 2.3465336 2.2460442 3.1269457 2.3921702 2.3348896 2.3713375 2.3471572 2.3115186 2.3360421 2.3009046 2.6673775 
GCF_019623905.1_ASM1962390v1_3241_WP_220661514.1_magnesium-protoporphyrin_IX_monomethyl_ester_anaerobic_oxidative_cyclase__Rhodobacter_sp._N10_                0.2223324 0.1668244 0.1751659 0.3434240 0.3835186 0.1668244 0.1676785 0.3556077 0.2221052 0.1719036 0.2293875 0.1650017 0.2888815 0.1252490 0.2610988 0.1751659 2.7962061 0.3780642 0.1394689 0.2169447 0.1257571 0.1870499 0.0000000 0.2136095 0.1252490 0.1831243 0.1052505 0.1541731 0.2090471 2.4821432 2.1029453 2.1370621 2.0570763 2.3285897 2.0942133 2.0860726 1.9789927 2.0996590 2.0803117 2.1372456 2.3443682 2.2360742 2.0186782 2.1362626 2.2856179 2.3771226 1.9759988 2.0561462 1.9374085 2.1168038 2.4340721 2.3489357 2.3081033 2.0400020 1.9699230 2.5871899 2.5945609 2.0404921 2.3520508 2.1146893 2.0860233 2.0923852 2.4013011 2.3890116 2.2785750 1.9429509 2.3558563 2.0577725 2.3520508 2.5666418 2.7770216 2.3285897 1.9312398 2.3776232 2.2568349 2.2415710 1.9862041 2.2228808 2.0246029 2.5076073 2.2269505 2.1942975 2.2859358 2.1162508 1.9865389 2.6496081 2.1569374 2.5130816 2.3656891 2.6276056 2.3467726 1.9497925 2.0263099 2.5121064 2.2998065 2.2551817 1.9874709 1.9605281 2.2399943 2.6836315 1.9866323 2.2008458 2.0952044 2.2883427 2.0804278 2.0888403 1.9913815 2.0089898 2.0215341 1.9996692 2.1370621 2.2125517 2.2741306 2.0887517 2.1261452 2.2772848 2.0722725 1.9842909 2.2062971 1.9708692 2.1258104 2.3783381 2.2703060 2.2972333 2.2647561 1.9628812 2.1554381 2.1535180 2.2411278 2.1698488 1.9759988 2.5882024 1.9881500 2.2179284 1.9170612 2.0295001 2.6194874 2.1005629 2.0971040 2.1249670 2.0781086 2.1001378 2.0698165 2.0484772 2.1927587 
GCF_009363715.1_ASM936371v1_1074_WP_152474127.1_magnesium-protoporphyrin_IX_monomethyl_ester_anaerobic_oxidative_cyclase__Roseovarius_sp._THAF9_               0.2334632 0.2480148 0.2467843 0.3836707 0.3913455 0.2480148 0.2509615 0.3440410 0.2208887 0.1920715 0.2529549 0.2480148 0.2105483 0.2236546 0.2440138 0.2467843 3.7601439 0.3817824 0.1863633 0.2242963 0.2205497 0.1379077 0.2136095 0.0000000 0.2236546 0.2395677 0.2111826 0.2178314 0.2225259 2.5727784 2.2727025 2.9404534 2.4610513 2.3940468 2.7730941 2.7705213 2.4690402 2.3909235 2.4611136 2.4757861 2.8386765 2.6583612 2.3168969 2.8435517 2.7263040 2.4562600 2.4739050 2.4528666 2.2377125 2.5797630 2.6529256 2.7604513 2.8817344 2.4948647 2.3872353 3.0390353 3.0482051 2.7241647 2.8480834 2.4698527 2.3413466 2.4770778 2.5285255 2.3536222 2.6046864 2.3294052 2.7880423 2.5672266 2.8480834 3.0675143 2.9252194 2.3940468 2.4991880 2.4562852 2.5980364 2.5634753 2.3472564 2.7492962 2.4969897 2.7734020 2.4961284 2.4005651 2.5909739 2.4142882 2.4720037 3.1080164 2.5282756 3.1336426 2.7321957 2.7059586 2.7069565 2.1803908 2.4728038 2.9896874 2.8129731 2.5282281 2.2951054 2.4368807 2.8109487 2.9292892 2.4400170 2.4543615 2.5127907 2.5057956 2.5619669 2.3677022 2.3102715 2.2308252 2.3499495 2.3203478 2.9404534 2.8222618 3.0720352 2.3854150 2.3984117 3.1606384 2.4727710 2.4152541 2.5592130 2.3075098 2.5265786 2.6163050 2.5394596 2.6771675 2.4984749 2.5495935 2.3014885 2.6636773 2.6653377 2.6556396 2.4739050 3.1326837 2.2723944 2.3034163 2.4016057 2.4731956 3.1948285 2.6223821 2.4102406 2.2897711 2.2436184 2.2423858 2.2337138 2.2040886 2.9903827 
