6
sp|Q7X2C7|BCHE_RUBGE_Anaerobic_magnesium-protoporphyrin_IX_monomethyl_ester_cyclase_OS_Rubrivivax_gelatinosus_bchE 0.0000000 0.2809911 0.2732074 0.9274657 1.5010297 1.3904640 
sp|P26168|BCHE_RHOCB_Anaerobic_magnesium-protoporphyrin_IX_monomethyl_ester_cyclase_OS_Rhodobacter_capsulatus_bchE 0.2809911 0.0000000 0.1379634 0.9597495 1.5468090 1.4036330 
sp|Q9RFD3|BCHE_CERS4_Anaerobic_magnesium-protoporphyrin_IX_monomethyl_ester_cyclase_Cereibacter_sphaeroides_bchE   0.2732074 0.1379634 0.0000000 0.9388618 1.4617707 1.3876792 
sp|Q55373|BCHE_SYNY3_Anaerobic_magnesium-protoporphyrin_IX_monomethyl_ester_cyclase_Synechocystis_sp._bchE         0.9274657 0.9597495 0.9388618 0.0000000 1.7110301 1.5748204 
sp|P54906|CRTF_CERS4_Demethylspheroidene_O-methyltransferase_OS_Cereibacter_sphaeroides_crtF                       1.5010297 1.5468090 1.4617707 1.7110301 0.0000000 0.4533492 
sp|D5AP78|CRTF_RHOCB_Demethylspheroidene_O-methyltransferase_OS_Rhodobacter_capsulatus_crtF                        1.3904640 1.4036330 1.3876792 1.5748204 0.4533492 0.0000000 
