213
GCA_011765465.1_ASM1176546v1                 0.0000000 1.2153794 0.6721283 0.3968267 1.1299002 0.9483993 1.8608890 1.2510842 0.9581088 1.0618187 1.0010232 1.0129719 1.1143068 0.9768496 1.1489119 1.0944162 0.9519762 1.1176360 1.0253606 1.1035300 1.0672711 1.1111073 0.9665303 1.1061373 0.7048466 1.2036416 1.2853313 0.9519762 1.1299002 1.0262220 0.9167692 1.1154233 0.9651663 1.1730026 0.5710102 1.2593014 1.3343288 1.1822286 0.6324171 1.1681281 0.4031045 0.8594224 1.3183420 1.3474365 0.8594224 0.9570345 1.0534555 1.0025447 1.0968856 1.1105009 1.1050043 1.1050043 0.4059246 0.3534424 1.1105009 0.9512351 0.9857342 0.4974364 1.0396168 1.1110506 0.1806620 0.3281115 1.1549943 1.0678002 1.0624469 1.1822286 1.3442658 1.5692647 1.1093118 0.7668773 1.1004457 1.1295202 0.9910490 1.0952823 1.1477625 0.9521251 1.0933203 0.9870231 0.9088599 0.9620274 0.2685409 1.2510842 0.9420820 0.9310552 1.2099609 1.0352904 1.0448053 1.0412650 1.0904281 0.3908444 0.9922757 1.0806117 0.5025609 1.1302350 1.3562891 0.9552375 0.8774106 1.0949474 1.0856481 1.0582570 0.8949335 0.7186143 1.1052683 1.0004762 0.3115045 1.0717809 0.9800871 0.9055953 0.4698794 1.0697991 1.0358638 0.9626878 0.9751121 0.9751121 1.0472779 1.0675967 0.3454978 1.6143120 1.6935777 1.6421303 0.8455099 1.1110506 1.1277421 0.4091242 1.1904072 1.0265149 1.0265149 1.1094385 0.6112951 0.4328549 1.0981922 1.3563958 0.8661786 1.1183046 0.5720710 0.4397525 0.9470386 0.7709816 0.9037896 1.0205086 0.9935711 1.0221578 1.1328526 0.9618641 1.0057155 0.8292631 0.6950392 1.0178810 0.2705005 1.4115936 1.1575367 1.1231652 1.4665946 1.1276698 0.6575918 1.0717206 0.6416308 0.9146716 1.0152578 0.4707446 0.6647173 0.9781830 1.0932246 1.0960864 1.0806117 1.1063648 1.1966326 0.7353896 1.1442267 1.0089188 1.1202468 1.1047560 1.1774115 0.9248948 1.0129719 1.1163019 0.3272288 0.6721508 0.7020729 0.6802744 1.4241417 1.0830056 1.0339946 0.9420820 0.9310552 0.9310552 0.9887396 0.2821965 1.0986282 1.0986282 0.6422126 0.6677450 1.1952551 0.6898756 1.0366370 1.1666219 1.1666219 0.3811481 0.9804091 1.0259280 0.9985358 0.9768496 1.0095296 1.0958906 1.1143068 1.1249943 1.1400524 1.1400524 1.1341667 0.9602074 1.0952823 1.4968348 1.1250599 
GCA_015693905.1_ASM1569390v1                 1.2153794 0.0000000 0.8584787 0.9350096 0.9912036 0.9027655 1.2125907 1.1866459 0.9494207 0.9505680 0.8467188 0.3252275 1.0030132 0.9319033 1.1464614 1.0333600 0.8808714 0.5100921 1.0502598 0.9958048 0.4869923 0.9964842 0.9933041 1.0080421 0.7833718 1.1770392 1.2149978 0.8808714 0.9912036 0.9117611 0.9215445 1.0964699 0.9798954 1.1223477 0.9139278 0.2716031 0.4183945 1.0696275 0.8620962 1.0880037 0.9512691 0.9483609 1.0795063 1.2607582 0.9483609 0.9781820 1.0564611 0.8577461 0.4202000 0.5038936 0.4167583 0.4167583 1.0930458 1.1665500 0.5038936 0.9142705 0.9518092 1.0007108 0.9186169 0.8036409 1.0931877 1.1826668 1.1435797 0.3778690 0.4308789 1.0696275 1.3237159 1.3285486 1.0009409 0.7394415 0.4362460 0.3819531 0.3526563 1.0076760 0.4207751 0.9605238 1.0026453 0.5041529 0.9686292 0.9298153 1.1632102 1.1866459 0.8948623 0.9008857 1.0248880 0.3992121 1.0131654 0.8788959 0.8871097 1.0207297 0.3538843 0.5213477 1.0009209 1.0491697 0.5860973 0.9088342 0.9069496 1.0241390 1.0178841 0.3453548 0.9286343 0.9510489 0.5247104 0.9436877 1.0851235 1.0103851 0.8837938 0.9195009 0.9834231 0.8186903 0.4072863 0.9092957 0.4042579 0.4042579 0.3397652 0.4574619 1.0586446 1.2569391 1.3066868 1.2771739 0.3847873 0.8036409 0.9928872 1.0138049 0.3661739 1.0331642 1.0331642 0.4553536 0.9337867 1.0589792 0.9834156 1.3917786 0.8751062 1.0259262 0.9499151 0.9477208 0.8808714 1.0214359 0.9368110 0.4793600 0.4579752 0.4344204 0.8335495 0.9934478 0.8453104 1.2807123 0.8105394 0.4338353 1.0889645 1.0127784 1.1679220 1.0610063 1.1785877 1.0744665 0.8576005 1.0479132 0.8993373 0.8951770 0.4940437 0.9965893 0.8844217 0.9638452 0.9990362 0.8999405 0.5213477 0.9556696 1.1819511 1.1096987 1.0330137 0.4271038 1.0022009 0.8689275 0.9288405 1.5026048 0.3252275 1.1146761 1.2443187 0.9172594 1.0456342 0.8503110 1.1682163 0.4033057 1.0760531 0.8929713 0.9027945 0.9008857 1.0000248 1.1264472 1.0014612 1.0014612 0.7781951 0.9132549 1.0733467 0.8098591 0.9474492 0.9824921 0.9824921 1.1173908 0.4046603 0.4782997 0.3625178 0.9319033 0.8137947 1.0082229 1.0030132 1.1201806 1.1534713 1.1534713 1.1506456 0.9348095 1.0076760 1.2879494 0.8887316 
GCA_019285715.1_ASM1928571v1                 0.6721283 0.8584787 0.0000000 0.5249058 0.8381830 0.6934303 1.5828683 1.1363791 0.9097225 0.8029756 0.8328336 0.8683535 0.8909596 0.7842549 0.9102873 0.9070906 0.6710180 0.8757660 0.7957701 0.8823916 1.0138415 0.8932259 0.9050140 0.8993322 0.5650290 1.0283869 1.1182409 0.6710180 0.8381830 0.6724877 0.7420261 0.8191595 0.9003205 0.9049523 0.4301010 0.8919231 0.9919774 0.8778540 0.4634034 0.9448454 0.5727218 0.5948757 0.9837067 1.0987680 0.5948757 0.8076007 0.8999859 0.7767971 0.9138659 0.8761539 0.9206581 0.9206581 0.6012643 0.5923358 0.8761539 0.5804470 0.8078193 0.4720724 0.7662709 1.0257036 0.6513371 0.6469587 0.9073030 0.9830583 0.8541863 0.8778540 1.1510564 1.5571807 0.8870640 0.5107462 0.9171948 0.9657355 0.9376085 0.8904756 0.8667056 0.7705348 0.8729722 0.8225997 0.7502308 0.8972353 0.6233264 1.1363791 0.6752435 0.6811987 0.9687775 0.9614302 0.9619005 0.7759728 0.8513681 0.7295194 0.9410423 0.8905585 0.4756801 0.9924190 1.0234541 0.7569170 0.6583634 0.9337913 0.8674905 0.8271879 0.8122980 0.5243325 0.8735306 1.0384509 0.6325250 0.8559525 0.6668358 0.7240377 0.6563884 0.9572069 0.8370753 0.7711433 0.8595230 0.8595230 0.9610573 0.8789502 0.7147129 1.3854445 1.4884763 1.3950927 0.7990663 1.0257036 1.0183596 0.5235165 0.7904174 0.8170078 0.8170078 0.9940005 0.4463066 0.5783520 0.9450836 1.2344473 0.6700951 0.8645611 0.4337038 0.4366954 0.6674104 0.6046709 0.6536778 1.0168806 0.8814036 0.7849084 1.0024219 0.8261234 0.8129293 0.7490766 0.5922849 0.7910480 0.6335098 1.1553078 0.9821541 0.9485163 1.1188541 0.9455603 0.4025352 0.7936996 0.4251526 0.5399747 0.9507460 0.6699753 0.4257269 0.8599773 0.9028107 0.8686951 0.8905585 0.8277048 0.9239293 0.7534591 1.0085033 0.8538837 0.8756835 0.7915031 0.8031053 0.7976987 0.8683535 0.9202483 0.6668366 0.4704253 0.4740067 0.5006357 1.3800250 0.7359589 0.8093545 0.6752435 0.6811987 0.6811987 0.8462512 0.6287422 0.9062702 0.9062702 0.4618490 0.4684286 0.9952995 0.5743910 0.7417250 1.0444286 1.0444286 0.6319210 0.9434173 1.0100578 0.9014614 0.7842549 0.8034212 0.8909596 0.8909596 0.9926699 0.9851970 0.9851970 0.9627389 0.8789243 0.8904756 1.0241509 0.8780741 
GCA_019739335.1_ASM1973933v1                 0.3968267 0.9350096 0.5249058 0.0000000 0.9373843 0.8826874 1.5079031 1.2632965 0.9380936 0.9062865 0.8462965 0.9601622 0.9829419 0.9063510 1.0494612 0.9365368 0.8541881 0.9712597 0.8863091 0.9733500 0.9858945 0.9799316 0.9411163 0.9921983 0.5469264 1.2621317 1.2675304 0.8541881 0.9373843 0.8736709 0.8537769 0.9344532 0.9265438 1.0351051 0.4508033 0.9611537 1.1203896 1.0470397 0.4746669 1.0326047 0.3076633 0.7392077 1.1722434 1.2537406 0.7392077 0.7866556 1.0272474 0.9109270 0.9291025 0.9646695 0.9359114 0.9359114 0.2855587 0.4499697 0.9646695 0.7655232 0.8927004 0.3846430 0.8958938 0.9290410 0.3615058 0.4162533 1.0549945 0.9358267 0.8503201 1.0470397 1.2767412 1.4626725 0.9784911 0.5770743 0.9855659 0.9589419 0.9796067 0.9823985 1.0193976 0.8375959 0.9287338 0.9226019 0.8404282 0.8816771 0.3894050 1.2632965 0.8434035 0.8509192 1.0806133 0.9673688 0.9964792 0.8689381 0.9407766 0.4035742 0.9808112 0.9196802 0.3851723 0.8806103 1.1204152 0.8500148 0.7576541 0.9911507 0.9178380 0.9993408 0.8566671 0.5872131 0.9547890 0.9722973 0.4026774 0.9141659 0.8579512 0.8434615 0.3985568 0.9775390 0.8425960 0.8916861 0.8537016 0.8537016 0.8950671 1.0106133 0.3943390 1.4081518 1.5654220 1.4311646 0.7974806 0.9290410 0.8818418 0.3241009 0.8853176 0.9171882 0.9171882 0.9034680 0.5101209 0.2622761 0.8951756 1.2949647 0.8139162 1.0447142 0.4864954 0.3261182 0.8508297 0.6503827 0.7486649 0.9732664 0.9032790 0.8443193 0.9673960 0.8841152 0.9178459 0.6276710 0.5878255 0.8955386 0.3351873 1.1647762 1.1220888 1.0099280 1.2015304 1.0258246 0.5499722 1.0199616 0.5357171 0.7458756 0.9435062 0.4135438 0.5019541 0.9327348 0.9682150 0.9770704 0.9196802 0.9015157 1.0800640 0.5993765 0.8911583 0.8516058 0.9021329 0.8444899 0.9048547 0.7183308 0.9601622 0.9378198 0.3449806 0.4628371 0.4676097 0.5530143 1.4518600 0.9628539 0.7807830 0.8434035 0.8509192 0.8509192 0.8335508 0.4188364 0.9761792 0.9761792 0.5012364 0.4533330 0.9587998 0.5813746 0.9323483 1.1852728 1.1852728 0.4724943 0.9929079 0.9783919 0.9044597 0.9063510 0.9009119 0.9829419 0.9829419 1.1196844 1.0899457 1.0899457 1.1010965 0.9309732 0.9823985 1.1533411 0.9246143 
GCF_000013085.1_ASM1308v1                    1.1299002 0.9912036 0.8381830 0.9373843 0.0000000 0.6281755 1.5673056 1.1196600 0.9460719 0.7507523 0.6712923 0.9467005 0.8164918 0.8754016 0.9120954 0.8333921 0.7065273 1.0419631 0.8961354 0.8314936 1.0159318 0.8359557 0.9623708 0.8340453 0.8500462 1.0992794 1.1266758 0.7065273 0.0000010 0.7178930 0.7030910 0.5690482 0.9052808 0.9256344 1.0008740 0.8790774 0.9696406 0.9304835 1.0679318 0.8830505 1.0832438 0.6018061 0.9082553 0.9915660 0.6018061 0.8959131 0.8913782 0.8731180 0.9703632 1.0371350 0.9773568 0.9773568 1.0114369 1.1218464 1.0371350 0.5236536 0.7321463 1.0018597 0.6456441 1.0477291 1.1943601 1.1093181 0.9030387 1.0308669 0.9646687 0.9304835 0.8283552 1.7179192 0.8225821 0.8778964 1.0447519 0.9717729 0.9597700 0.8202577 0.9743787 0.6988787 0.8600288 1.0436270 0.6059172 1.0699654 1.0950082 1.1196600 0.6902648 0.6945449 0.7386435 0.8512908 0.8241115 0.8771896 0.8701109 1.2320195 0.9609241 0.9832924 1.0187120 0.8697600 1.2593070 0.8504515 0.5852114 0.9324003 0.7655188 0.9077884 0.8565887 1.0435995 1.0377955 0.9782929 1.1072636 0.8575273 0.6842346 0.6934919 1.1237739 1.0224872 0.8753865 0.6704262 0.9417991 0.9417991 1.0263355 0.9707702 1.1902439 1.4028598 1.4893288 1.4258925 0.8708695 1.0477291 0.8801791 0.9653886 0.9127733 0.7589356 0.7589356 0.9767659 0.9569950 1.0030382 0.8474793 1.1847283 0.8432483 0.7632315 1.0066951 0.8868165 0.7080673 0.9560325 0.8684255 0.9952148 0.9939477 0.8952626 1.0480720 0.7426255 0.8664576 1.0423583 0.8215596 0.9027078 1.0816422 1.1515031 0.9950317 0.8647994 1.2002819 0.8732422 0.8553030 0.8573695 0.8517949 1.0625565 1.0155830 1.1998981 0.9360942 0.8655954 0.8300611 0.9154394 0.9832924 0.7934920 0.9144306 1.0697404 0.8901451 0.8907556 0.7907893 0.8275769 0.7975722 1.3023141 0.9467005 0.7730716 1.0678993 1.0856298 1.0840555 1.1426693 1.5163660 0.9612574 0.9489320 0.6884717 0.6963550 0.6945449 0.7984716 1.0864790 0.8366238 0.8366238 0.9956973 1.0512219 0.8239634 0.8084412 0.7503833 0.8269588 0.8269588 1.0753515 0.9328744 0.9926603 0.9750408 0.8754016 0.8519568 0.8263438 0.8164918 0.9488078 0.9389493 0.9389493 0.9824769 0.9194155 0.8202577 1.0921654 0.7290802 
GCF_000013365.1_ASM1336v1                    0.9483993 0.9027655 0.6934303 0.8826874 0.6281755 0.0000000 1.5353252 0.9082376 0.4138872 0.7066283 0.5302786 0.9189922 0.6779449 0.6678398 0.8957580 0.6845599 0.0803580 1.0413241 0.7273063 0.6759225 0.9399494 0.6763883 0.4423227 0.6778928 0.6224717 0.9472243 0.8716908 0.0803580 0.6281755 0.6303577 0.1339616 0.6576344 0.4344456 0.8884647 0.7619404 0.8799737 1.0373481 0.8790064 0.7068322 0.7075851 0.8424702 0.4982348 0.8744931 0.9339463 0.4982348 0.8176665 0.7110303 0.7750234 1.0159645 1.0369888 1.0233266 1.0233266 0.9070392 1.0113761 1.0369888 0.4461817 0.5770111 0.7844833 0.5503380 0.9876499 0.9653250 0.9674930 0.8934543 0.9334460 0.9266659 0.8790064 0.8539309 1.5868947 0.6796022 0.6835743 1.0064931 1.0278796 0.9574899 0.6728395 0.9890857 0.1534897 0.7080094 1.1057639 0.4623537 1.0042159 1.0534347 0.9082376 0.0742033 0.0758963 0.6395874 0.9408610 0.7547187 0.7445426 0.7966726 1.0873291 0.9504156 1.0549394 0.7929150 0.7639247 1.3122179 0.7023831 0.4322026 0.4042338 0.6464244 0.8809638 0.8077968 0.8373784 1.0476431 0.8933990 0.9735740 0.6700613 0.0825107 0.1394612 1.0884272 1.0215333 0.9167639 0.1432566 0.9015303 0.9015303 0.9113624 1.0011063 1.0109583 1.4138195 1.5545904 1.4367949 0.8068421 0.9876499 0.8024555 0.8836819 1.0068029 0.5508231 0.5508231 0.9886340 0.7112181 0.9373025 0.7110209 1.0449844 0.7312968 0.7044808 0.6799167 0.7503528 0.0821381 0.8057527 0.7528519 0.9569756 0.9587938 0.8052910 1.0143892 0.1712190 0.7511237 0.9759044 0.6350333 0.9398889 0.8857769 0.8736930 0.7397832 0.6853922 0.8657656 0.6968686 0.6340700 0.6160246 0.6422572 0.7991132 0.9273225 1.0595685 0.7301156 0.4218390 0.6851538 0.8286509 1.0549394 0.6734860 0.8928490 0.9906246 0.7709742 0.8763919 0.6874254 0.5368913 0.6852694 1.2750895 0.9189922 0.6973115 1.0168990 0.8753129 0.9318250 0.7497829 1.3660247 0.9401151 0.8007410 0.0742622 0.0758363 0.0758963 0.6869631 0.9399602 0.6921711 0.6921711 0.7807656 0.8581496 0.7318732 0.5969315 0.5635400 0.7759978 0.7759978 0.9708509 0.9360383 0.9545396 0.9447953 0.6678398 0.7339691 0.6779449 0.6779449 0.7836005 0.7690340 0.7690340 0.7367734 0.4293055 0.6728395 0.6440021 0.6482405 
GCF_000013565.1_ASM1356v1                    1.8608890 1.2125907 1.5828683 1.5079031 1.5673056 1.5353252 0.0000000 1.3954546 1.8287808 1.4134408 1.2470692 1.1970842 1.4211881 1.2859455 1.4169739 1.4460757 1.5537670 1.2117485 1.5403092 1.4313889 1.1761717 1.4532406 1.8737502 1.4094189 1.5647936 1.3449627 1.7563957 1.5537670 1.5673056 1.2940262 1.5761525 1.7981868 1.7911603 1.4567594 1.4288396 1.1008575 1.0922890 1.4259750 1.5193847 1.6135758 1.5749567 1.5095561 1.6632815 1.7695773 1.5095561 1.5096068 1.4610407 1.2341318 1.2216690 1.1954705 1.2119822 1.2119822 1.9805966 1.6420518 1.1954705 1.5544192 1.1416962 1.5932012 1.3894274 1.4323021 1.5877227 1.5680320 1.4247201 1.1408525 1.0154999 1.4259750 1.8189259 0.3112003 1.4135201 1.3983338 1.2061738 1.2881608 1.1249822 1.3951951 1.0891148 1.5503887 1.4234207 1.2077148 1.5732012 1.3838445 1.6408875 1.3954546 1.5607992 1.5415626 1.5141302 1.0467658 1.4439925 1.2141536 1.1688792 1.8008120 1.1162163 1.3588757 1.6073903 1.5536372 1.2450243 1.3197286 1.4377317 1.5396862 1.4546598 1.0818866 1.7348469 1.4386184 1.2481202 1.5776388 1.5542396 1.3944464 1.5722319 1.5639887 1.8660026 1.5644185 1.0190780 1.6387133 0.8969302 0.8969302 0.9459761 1.0436610 1.7895700 0.2505560 0.2748741 0.2556239 0.9282110 1.4323021 1.6202748 1.7539382 1.0817232 1.1606008 1.1606008 1.0778125 1.3173592 1.8691363 1.4495982 1.3754618 1.3617796 1.5730294 1.5740290 1.5575166 1.5740927 1.7738263 1.4076447 1.1570446 1.1258469 1.0413850 1.4616311 1.6605890 1.2455637 1.8996526 1.6159080 1.0561581 1.8188414 1.6953824 1.7283312 1.5641857 2.0460258 1.5901790 1.4311963 1.4552101 1.4268285 1.7475102 1.1209555 1.9309920 1.3856811 1.8295171 1.3967008 1.2051585 1.3588757 1.7423593 1.4712625 1.7403157 1.5520302 0.8970325 1.3026726 1.2726047 1.4439203 2.1362107 1.1970842 1.3450255 1.6683058 1.5358577 1.6128583 1.4170956 0.3954397 1.0733517 1.7198804 1.5498779 1.5524186 1.5415626 1.2309894 1.5611802 1.4328792 1.4328792 1.4823207 1.5509613 1.6052171 1.5913362 1.2400265 1.4901978 1.4901978 1.3969802 1.1577035 1.1435652 1.1273305 1.2859455 1.2553497 1.3959945 1.4211881 1.7510596 1.7417476 1.7417476 1.7224845 1.8736233 1.3951951 1.5939772 1.6281083 
GCF_000014045.1_ASM1404v1                    1.2510842 1.1866459 1.1363791 1.2632965 1.1196600 0.9082376 1.3954546 0.0000000 1.0784279 0.9097222 0.8379314 1.1500757 1.2153572 1.1270410 1.2622066 1.2248460 0.9868263 1.1180019 1.1629839 1.1865980 1.2098611 1.2011190 1.1319732 1.2060944 1.0864782 0.0296844 1.0971000 0.9868263 1.1196600 0.7965693 0.8922010 1.0711218 1.1242124 1.2816533 0.9977169 1.1222037 1.1270984 1.2360847 1.1369853 1.1821835 1.1869133 0.7779887 1.1587092 1.2460175 0.7779887 1.2325692 1.2415502 1.1678714 1.1753337 1.1182560 1.1839928 1.1839928 1.1845480 1.3347754 1.1182560 0.8567644 0.9385684 1.1019363 0.9044923 1.0901805 1.3076160 1.1827202 1.2590355 0.9994172 1.0635550 1.2360847 1.1395484 1.6162403 1.1928418 1.0070378 1.1930629 1.1417353 1.1244514 1.1974758 1.1549913 0.9458488 1.2174309 1.0748905 1.0604044 1.1753924 1.0937115 0.0000010 0.9674127 0.9625741 1.1127083 1.1690258 1.2767202 1.1222941 1.1590871 1.2488416 1.1244514 1.0989576 1.1144221 1.1041645 1.4714335 1.0551158 0.7924187 1.0100784 1.1175013 1.1089630 0.9785469 1.0816598 1.1176938 1.1864244 1.1124964 1.2322087 1.0101807 0.8925589 1.3608357 1.0911869 0.9766502 0.9103000 1.0197143 1.0197143 1.1404388 1.1213376 1.2470343 1.5929409 1.6564415 1.6197091 1.0519052 1.0901805 1.1300598 1.1359058 1.0252976 0.9716056 0.9716056 1.0461585 1.0100312 1.1948176 1.1575446 0.1887846 0.9341745 1.1546657 0.9982760 1.1526385 0.9978456 1.4410367 0.9097860 1.1955119 1.0522570 1.0736744 1.0689177 0.9727670 1.1689479 1.4425715 1.1505439 0.9995472 1.0645489 1.3275282 1.1820091 1.1717076 1.4903548 1.1906833 1.1078982 0.9655593 1.0975566 1.1532902 1.2370883 1.1521387 0.9831084 1.1342592 1.1636906 1.1460161 1.0989576 0.9672532 1.2660933 1.2783473 1.1318024 1.0332069 1.2351182 1.0140093 0.9368333 1.9496633 1.1500757 1.0548876 1.0906922 1.2793159 1.2210823 1.0711844 1.4706437 1.0324824 1.2136257 0.9674127 0.9625741 0.9625741 1.2136692 1.2356009 1.1859607 1.1859607 1.1814832 1.2755525 1.0127069 1.1143118 0.8436070 1.2166507 1.2166507 1.1261523 0.9910042 1.2017644 1.0707982 1.1270410 1.1413576 1.2063747 1.2153572 1.1561860 1.1584793 1.1584793 1.1777212 1.1102547 1.1974758 1.0498126 1.1888199 
GCF_000015165.1_ASM1516v1                    0.9581088 0.9494207 0.9097225 0.9380936 0.9460719 0.4138872 1.8287808 1.0784279 0.0000000 0.7590646 0.5835271 0.9955896 0.8005829 0.7277685 0.9133490 0.8266969 0.4210507 1.1621513 0.8978717 0.7984036 1.1173422 0.7951117 0.0297786 0.8004881 0.7162656 1.0605595 0.8813713 0.4210507 0.9460719 0.7881295 0.4349347 0.8003580 0.0354239 0.9056618 0.8474372 1.0056128 1.1507841 0.8931981 0.7644718 0.9796504 0.9115546 0.6008437 0.9448339 1.0116693 0.6008437 0.9178706 0.8249235 0.7943055 0.9949852 1.1550010 1.0020534 1.0020534 0.8986027 1.0661452 1.1550010 0.6424353 0.7744041 0.9008128 0.6630915 0.9224416 0.9509313 1.0528841 0.9110331 0.9965002 0.9785322 0.8931981 0.8383059 1.7348342 0.8026138 0.7764157 1.0337608 1.0559785 1.0210655 0.7946970 1.0738283 0.4417415 0.8126721 1.1677665 0.5830567 0.8908297 1.0473997 1.0784279 0.4109718 0.4172399 0.8609902 1.1167664 0.8397867 0.8774216 0.8631753 0.9594440 1.0135218 1.0306514 0.9099017 0.9001388 1.3462002 0.9279900 0.6225783 0.3008935 0.7894216 0.9513625 0.9634723 0.9747148 1.1352455 0.9393764 1.0614365 0.8005384 0.4166987 0.4231260 1.0646927 0.9819034 1.0154272 0.4456441 0.9661007 0.9661007 0.9711750 1.1299462 1.0071274 1.5457592 1.7519020 1.5715000 0.9978645 0.9224416 0.9271752 0.8640322 1.0263309 0.7783003 0.7783003 1.1296355 0.7701049 0.9799873 0.8099560 1.0391443 0.8816195 0.9473451 0.7485244 0.7880198 0.4203811 0.8276286 0.9954008 1.1682420 1.0598408 0.9843641 0.9699952 0.4413775 0.8306906 0.9722255 0.7287156 0.9446945 1.0033828 0.9945547 0.8777371 0.9437052 1.0032346 0.9459377 0.7632257 0.6257216 0.7828245 0.8462405 0.9827060 1.1402610 0.7993624 0.0396545 0.8385191 0.9012060 1.0306514 0.8383706 0.9200837 0.9369268 0.9029137 0.9540926 0.7537268 0.6535920 0.8313095 1.3582287 0.9955896 0.8309665 0.9862965 0.9091489 1.1053736 0.7728181 1.4679069 0.9911971 0.9036791 0.4135297 0.4146681 0.4172399 0.7327756 0.9834168 0.8174325 0.8174325 0.8428375 0.8653209 0.9246493 0.6673215 0.8126521 0.9417063 0.9417063 1.0944910 0.9411464 1.1652823 1.0143655 0.7277685 0.8155737 0.8005829 0.8005829 0.9026436 0.8912996 0.8912996 0.8662356 0.0203657 0.7946970 0.7183012 0.8574055 
GCF_000015585.1_ASM1558v1                    1.0618187 0.9505680 0.8029756 0.9062865 0.7507523 0.7066283 1.4134408 0.9097222 0.7590646 0.0000000 0.5889930 0.9467801 0.9480888 0.7611114 0.8607391 0.9547447 0.7041353 0.9940235 0.8284907 0.9388086 1.0851034 0.9437563 0.7935268 0.9399647 0.6723327 0.8840148 1.0784959 0.7041353 0.7507523 0.6878292 0.6963071 0.6979238 0.7711639 0.8667460 0.7676175 0.9106997 0.9813371 0.8494040 0.7916464 0.8823011 0.9540136 0.5160341 0.9221165 1.0658532 0.5160341 0.7488266 0.9960705 0.7959832 1.0750092 0.9825638 1.0829214 1.0829214 0.9476732 1.0567910 0.9825638 0.5266148 0.6124367 0.8773730 0.7125854 1.0409861 1.0452653 0.9641451 0.8584932 1.0054299 0.9175642 0.8494040 0.9792534 1.6896242 0.9437808 0.7648914 1.1468894 1.0768310 0.9827030 0.9340450 1.0213008 0.6811368 0.9643031 1.0348924 0.6382366 0.9634370 0.9512129 0.9097222 0.7182585 0.7066987 0.8345551 0.9533817 0.9870657 0.8042549 0.8136006 0.9741556 0.9755242 1.0500996 0.8919300 0.7509323 1.3386399 0.9712686 0.5438606 0.7486993 0.6123673 0.9661256 0.8992094 0.9122487 1.0055003 1.0112665 0.8872442 0.9295081 0.7313704 0.6868777 1.0156910 1.1665603 0.9023086 0.7127262 0.9962146 0.9962146 0.9790002 1.1330948 1.0063129 1.3954977 1.5216393 1.4182657 0.9183839 1.0409861 0.7299205 0.9696440 0.8903195 0.6278021 0.6278021 0.9794142 0.6955906 0.9268864 0.7783050 0.8701095 0.9280840 0.9089300 0.8597485 0.8310316 0.7056718 0.9864132 0.8344980 1.0529333 0.9491787 0.9958136 1.0676512 0.7698727 0.8211723 1.1465994 0.7170302 0.8940085 0.9648580 0.9326207 0.9032138 0.8607862 0.9548651 0.8688838 0.7878524 0.6534230 0.8031925 1.1106742 0.8708783 1.0542939 0.7877262 0.7901834 0.9203051 0.8346279 1.0500996 0.6435708 0.8566873 1.0763352 0.7509570 0.9721133 0.7918819 0.7454562 0.7716334 1.3285845 0.9467801 0.6842164 1.0159039 0.9552127 0.9582857 0.8379520 1.3226236 0.9395735 0.8232598 0.7133913 0.7115276 0.7066987 0.7850272 0.9713424 0.9344070 0.9344070 0.7224194 0.9587445 0.7605362 0.6771246 0.6524968 0.8247548 0.8247548 0.9544789 0.8904171 1.0584335 1.0123480 0.7611114 0.8134776 0.9410246 0.9480888 0.8657980 0.8597615 0.8597615 0.8919545 0.7808726 0.9340450 0.8081610 0.7320272 
GCF_000016185.1_ASM1618v1                    1.0010232 0.8467188 0.8328336 0.8462965 0.6712923 0.5302786 1.2470692 0.8379314 0.5835271 0.5889930 0.0000000 0.8706759 0.6714860 0.5985735 0.7076305 0.6869396 0.5071648 0.9664978 0.8233674 0.6645930 0.9572294 0.6699272 0.5621314 0.6726894 0.5579705 0.8429909 0.8606391 0.5071648 0.6712923 0.6220043 0.5616469 0.6425348 0.5749313 0.7252205 0.7662897 0.7532431 0.9274823 0.7229837 0.8473441 0.8572627 0.8992769 0.4933979 0.9073919 1.0317822 0.4933979 0.8132549 0.7143821 0.6100258 0.9636723 0.9617517 0.9564903 0.9564903 0.9519163 1.0304643 0.9617517 0.4619880 0.5672665 0.8869419 0.4838273 0.9141162 1.0252448 0.9985234 0.7114892 0.8557329 0.8418284 0.7229837 1.0259525 1.5059233 0.6682635 0.5682974 1.0044751 0.9258259 0.8912200 0.6612330 0.8810476 0.5858248 0.7074861 0.9536659 0.4929695 0.9603019 1.0718150 0.8379314 0.5047801 0.5024824 0.8687526 0.9833221 0.7411459 0.6196256 0.6246305 1.1625136 0.8844950 0.9069229 0.8961079 0.6700863 1.2992548 0.8176833 0.5218865 0.6042105 0.6266144 0.8079783 0.7935803 0.8533786 0.9608794 0.9379919 1.0243937 0.6852638 0.5075909 0.5591798 1.0578773 0.8655949 0.7956670 0.5567742 0.8760533 0.8760533 0.7810896 0.9790657 1.0508014 1.1990958 1.3386991 1.2180228 0.7683956 0.9141162 0.6668840 0.9461768 0.8259771 0.5596830 0.5596830 0.8833622 0.7102365 0.9419536 0.7717062 0.8485869 0.6587920 0.8713210 0.7401993 0.8826378 0.5067289 0.8735891 0.7731042 0.9541115 0.9362147 0.8276695 0.9426667 0.6255911 0.6403163 1.1385635 0.5582625 0.8368963 0.9463718 0.9661952 0.7967468 0.8228131 0.9585262 0.8357383 0.7088594 0.6559788 0.7085788 0.8420025 0.9245134 1.1459802 0.7051769 0.5979467 0.6691117 0.6488039 0.9069229 0.7121517 0.7302535 0.9380830 0.6670089 0.7535712 0.6126076 0.6164621 0.7625885 1.2261422 0.8706759 0.6325519 1.0854338 0.9092809 0.8770647 0.8613337 1.2375120 0.7667463 0.8308772 0.5047801 0.5024824 0.5024824 0.6291911 0.9711584 0.6711448 0.6711448 0.7859436 0.8742736 0.8397500 0.5700032 0.6968784 0.8605884 0.8605884 1.0457870 0.8815822 0.9520343 0.9129118 0.5985735 0.6302109 0.6663211 0.6714860 0.8119164 0.8141517 0.8141517 0.7858544 0.5724606 0.6612330 0.7008553 0.5914488 
GCF_000018145.1_ASM1814v1                    1.0129719 0.3252275 0.8683535 0.9601622 0.9467005 0.9189922 1.1970842 1.1500757 0.9955896 0.9467801 0.8706759 0.0000000 0.9614284 0.8954533 1.1616510 0.9847833 0.9035001 0.4334184 1.0362725 0.9735274 0.3963159 0.9219838 0.9591207 0.9692678 0.8061660 1.1258830 1.1903626 0.9035001 0.9467005 0.8874582 0.9361169 1.0239918 1.0191107 1.1476404 0.8737448 0.2798429 0.4464059 1.1128585 0.7803804 1.0301358 0.9749589 0.9104708 1.0974215 1.1781850 0.9104708 1.1209860 1.0145833 0.8619595 0.3371254 0.4338939 0.3341281 0.3341281 1.0170964 1.0616431 0.4338939 0.8656995 0.8669673 0.8654632 0.8821205 0.8501630 0.9371617 1.0133922 1.1578712 0.4396645 0.4496764 1.1128585 1.1907988 1.2520516 0.9785565 0.8080354 0.3639715 0.3498524 0.2860938 0.9679543 0.3692753 0.9734453 0.9592818 0.3967798 0.8150190 0.8748021 0.9510873 1.1500757 0.9027333 0.9153330 1.0092439 0.3421295 1.0761535 0.8752563 0.9364960 0.9743303 0.2860938 0.4623849 0.8658001 1.0510903 0.4773468 0.8607416 0.9153487 1.0472074 1.0472067 0.2875597 0.8328224 0.9339457 0.4421249 0.8717609 1.0242739 0.9567734 0.9526910 0.9386421 1.0210119 0.7684862 0.2614069 0.9784790 0.3405672 0.3405672 0.3299821 0.4097569 0.9780648 1.1709897 1.1949082 1.1895436 0.3609820 0.8501630 1.0594445 0.9817850 0.3288405 0.9303139 0.9303139 0.3691692 0.9058551 1.0044254 0.9870572 1.1937711 0.8685408 1.0082287 0.9065301 0.8074007 0.8989564 0.8962976 0.9708657 0.3982396 0.4129864 0.3789653 0.8496012 1.0055944 0.9020880 1.1306114 0.8111249 0.3637631 0.9405263 1.1930489 1.2401938 0.9978378 1.4067481 1.0196657 0.8751951 0.9895203 0.8783273 0.8587139 0.3882970 1.0755495 0.8759899 1.0407551 0.9552123 0.9410261 0.4623849 0.9523329 1.1883535 0.9874935 1.0480794 0.3800516 0.9772903 0.8105520 0.9620955 1.2156060 0.0000010 0.9954347 1.0533100 0.8913160 0.8999696 0.7983893 1.1400169 0.3678176 1.0957660 0.9073069 0.9107172 0.9153330 1.0135610 0.9756057 0.9619411 0.9619411 0.7932752 0.8794117 1.0097474 0.8123216 0.9439855 0.9751060 0.9751060 1.0260995 0.2860849 0.4008629 0.4395415 0.8954533 0.8911468 0.9684773 0.9614284 1.2045076 1.2313992 1.2313992 1.2153356 0.9518882 0.9679543 1.1947398 0.8844092 
GCF_000018845.1_ASM1884v1                    1.1143068 1.0030132 0.8909596 0.9829419 0.8164918 0.6779449 1.4211881 1.2153572 0.8005829 0.9480888 0.6714860 0.9614284 0.0000000 0.3765394 0.2600092 0.0321512 0.7065001 1.1270426 0.9263612 0.0056068 1.0146076 0.0098858 0.8007206 0.0041861 0.7333234 1.2557537 1.1305907 0.7065001 0.8164918 0.8607607 0.7107339 0.6662749 0.7904534 0.2717947 0.8989521 0.9738474 0.9757609 0.2459344 1.0909322 1.0501522 1.1852290 0.5964141 1.1086082 1.2146997 0.5964141 1.1236851 0.0201080 0.4141070 0.9760035 1.1139046 0.9831261 0.9831261 0.9354854 1.2293824 1.1139046 0.6057967 0.7153752 0.9551484 0.6041345 1.0904853 1.2195256 1.2714927 0.2568586 1.0492036 0.8943453 0.2459344 1.1933751 1.4808931 0.0041893 0.8485851 1.0098720 1.0379668 0.9351663 0.0041782 0.9454460 0.7233493 0.0202081 1.1171260 0.5212369 1.2022801 1.1724499 1.2153572 0.6935301 0.6939380 0.9620482 0.9446854 0.2329102 0.3981181 0.4318323 1.1630352 0.9385237 1.1743933 0.9648650 0.5336433 1.1725907 0.8071186 0.6277179 0.8359995 0.7557173 1.0394657 1.0138252 1.0966200 1.1258941 1.0748230 1.2453564 0.0292704 0.6631052 0.7016913 1.0217385 0.9954126 0.8817380 0.7383072 0.9793890 0.9793890 0.9163560 0.9649196 1.2072327 1.5877082 1.7001697 1.6140797 0.8502838 1.0904853 0.5696240 1.1515660 1.0195391 0.7288704 0.7288704 0.9563410 0.9981642 1.0189036 0.9031706 1.2019059 0.7527182 0.9572851 1.0573280 0.9238910 0.7027309 1.0736428 0.7802288 1.0196062 1.0385575 0.8497537 1.1396573 0.7745813 0.4177075 1.2437501 0.7501998 0.8057497 1.1547051 1.1130632 1.0557738 1.0359658 1.1112675 1.0438034 0.8158128 0.6943560 0.8177646 1.0940571 0.8824441 1.1352368 0.9400262 0.7683264 0.0310664 0.4198679 1.1743933 0.7988994 0.2610561 1.2085429 0.5370220 0.8453108 0.1231786 0.7736559 0.8256165 1.3446454 0.9614284 0.8923578 1.2108748 0.9634603 1.0034334 0.9084892 1.4921307 0.8903195 1.1725864 0.6972679 0.6902175 0.6939380 0.2146443 1.1246161 0.0056035 0.0056035 1.0365472 0.9817243 0.8073278 0.7520070 0.8685895 1.2053406 1.2053406 1.2194961 0.8830680 1.0169511 0.9842300 0.3765394 0.4213526 0.0027787 0.0000010 1.0713633 1.0856101 1.0856101 1.0347040 0.7883307 0.0041782 0.9133064 0.8118858 
GCF_000019365.1_ASM1936v1                    0.9768496 0.9319033 0.7842549 0.9063510 0.8754016 0.6678398 1.2859455 1.1270410 0.7277685 0.7611114 0.5985735 0.8954533 0.3765394 0.0000000 0.4429238 0.3819262 0.6517910 0.9590183 0.8315798 0.3784210 0.9726363 0.3773728 0.7306109 0.3806887 0.7363865 1.0918334 0.8186039 0.6517910 0.8754016 0.7142069 0.7054561 0.7097056 0.7303049 0.4763807 0.8175970 0.8876090 0.9137000 0.4484148 0.8052265 1.0068020 0.9158085 0.5652530 1.0828380 1.1905932 0.5652530 0.9241166 0.3906309 0.1650015 0.9688309 0.9550626 0.9614929 0.9614929 0.8758804 1.1162091 0.9550626 0.6748414 0.6730306 0.7797146 0.5824100 1.0071218 1.0767377 1.0498891 0.4458038 0.8665776 0.9096237 0.4484148 1.1008839 1.4096329 0.3810585 0.7581011 0.9846816 0.9805921 0.8714950 0.3799594 0.8617462 0.7049693 0.3923891 1.0284788 0.5634266 1.1573894 1.0188810 1.1270410 0.6479092 0.6483735 0.8786099 0.9203967 0.4194893 0.1473317 0.1716951 1.0380097 0.8649703 1.0601208 0.7765628 0.6263881 1.1838381 0.8143099 0.5676060 0.7585809 0.6399477 0.8698049 1.0233205 0.9467897 0.9868182 1.0539390 0.9985960 0.3728979 0.6696952 0.6905894 0.8716351 1.0170268 0.8378324 0.7117990 0.8050111 0.8050111 0.8221227 0.9055359 1.0860849 1.3980093 1.5531245 1.4205877 0.7942845 1.0071218 0.6134715 0.9605380 0.8749494 0.6559433 0.6559433 0.9418669 0.7073678 0.8995910 0.7609930 1.1929177 0.7533992 0.9869256 0.8632250 0.7650591 0.6482253 0.9252986 0.7734186 0.9731669 0.8693897 0.8163825 1.0546133 0.7643793 0.1637503 1.2904246 0.7800056 0.8455353 0.9439115 0.9543135 1.0023944 0.9813756 1.0026949 1.0101966 0.7509383 0.6100224 0.7580663 0.9556057 0.9570590 1.0003872 0.7634915 0.7179003 0.3748511 0.1788296 1.0601208 0.8308865 0.4720954 1.1203992 0.6284137 0.7206083 0.3580860 0.6509893 0.7468820 1.1160137 0.8954533 0.8089181 1.0459885 0.7894352 0.7747147 0.7392396 1.3926513 0.8311181 0.9405830 0.6514776 0.6448213 0.6483735 0.3494616 1.0075103 0.3853252 0.3853252 0.8458343 0.8198483 0.8910529 0.7753069 0.8501373 1.1326901 1.1326901 0.9995931 0.8192369 0.9706330 0.9123319 0.0000010 0.1720609 0.3765394 0.3765394 1.0172416 1.0092489 1.0092489 0.9826432 0.7224574 0.3799594 0.8781692 0.7633699 
GCF_000019725.1_ASM1972v1                    1.1489119 1.1464614 0.9102873 1.0494612 0.9120954 0.8957580 1.4169739 1.2622066 0.9133490 0.8607391 0.7076305 1.1616510 0.2600092 0.4429238 0.0000000 0.2717229 0.8329291 1.2233421 0.8570885 0.2602728 1.1792107 0.2703854 0.9171606 0.2604200 0.7643240 1.2135604 1.1311121 0.8329291 0.9120954 0.8986280 0.8956246 0.7236054 0.8863836 0.0347996 0.9302981 1.0879057 1.1376268 0.0363437 1.0131632 1.0270121 1.1811983 0.6996780 1.0503407 1.1972408 0.6996780 1.0361562 0.2824709 0.4238479 1.2160425 1.2575941 1.2065539 1.2065539 1.0807004 1.2751364 1.2575941 0.6814895 0.7187600 1.0435288 0.6293102 1.1871225 1.2441907 1.3017509 0.0014304 1.1416317 1.0356089 0.0363437 1.3234191 1.4018986 0.2569295 0.8066905 1.1730350 1.1820703 1.0992164 0.2568725 0.9640384 0.8768228 0.2692263 1.3100091 0.6924269 1.1998948 1.3202854 1.2622066 0.8221567 0.8224354 0.9534914 1.1954958 0.2731086 0.4374116 0.4473929 1.4134167 1.1005781 1.2877163 1.0555291 0.6591489 1.2734374 0.9429901 0.7279016 0.9162020 0.8125466 1.1471092 1.0090852 1.1489120 1.2736138 1.2184593 1.3348656 0.2741306 0.8014046 0.8760805 1.1041733 1.0272935 1.1032934 0.9246415 1.1589715 1.1589715 1.0957294 1.0625195 1.2705065 1.5816820 1.8027489 1.6081697 1.0101908 1.1871225 0.6878742 1.3240499 1.0670747 0.7739508 0.7739508 1.0863679 0.9816384 1.1276436 0.9005053 1.2086453 0.8666656 0.9917047 1.0373652 0.9091843 0.8285581 1.0379818 0.6952150 1.1321618 1.1148080 0.9400397 1.2209447 0.9356135 0.4271631 1.2391691 0.7342131 0.9327736 1.2080805 1.2022377 1.0918880 1.0155914 1.1820167 1.0381476 0.7657066 0.7261165 0.7617650 1.0391376 1.0695037 1.2089214 0.9316297 0.9051537 0.2669273 0.4543115 1.2877163 0.9468867 0.0176763 1.0999007 0.6579304 0.9835911 0.2448451 0.8765128 0.8338155 1.2512448 1.1616510 0.9922184 1.3052576 1.0333479 0.9521583 0.9668463 1.3881007 0.9258313 1.1637597 0.8265033 0.8181101 0.8224354 0.3293718 1.2731550 0.2542599 0.2542599 1.0365698 1.0137751 0.9768469 0.7186041 0.7924769 1.1381719 1.1381719 1.3846961 1.0683278 1.1291935 1.1033858 0.4429238 0.4263810 0.2571478 0.2600092 1.1350569 1.1245982 1.1245982 1.0700295 0.8861287 0.2568725 0.9655051 1.0018191 
GCF_000019945.1_ASM1994v1                    1.0944162 1.0333600 0.9070906 0.9365368 0.8333921 0.6845599 1.4460757 1.2248460 0.8266969 0.9547447 0.6869396 0.9847833 0.0321512 0.3819262 0.2717229 0.0000000 0.6922542 1.0946589 0.9155541 0.0292197 1.0597775 0.0369804 0.8258760 0.0337491 0.7404215 1.2652781 1.1395491 0.6922542 0.8333921 0.8693526 0.7457736 0.6983504 0.8137048 0.2780606 0.8761509 0.9777645 1.0081692 0.2602088 1.0587091 0.9877633 1.0892672 0.6057247 1.1090469 1.2337354 0.6057247 1.1047077 0.0497319 0.4069611 1.0194809 1.0820530 1.0268466 1.0268466 0.9055104 1.2120794 1.0820530 0.6334273 0.7327049 0.9304758 0.6052243 1.1041367 1.1743170 1.2644356 0.2685095 1.0719343 0.9173024 0.2602088 1.2031064 1.5333362 0.0306963 0.8690021 1.0424390 1.0517574 0.9494188 0.0336853 0.9357925 0.7622300 0.0354042 1.0737251 0.5569563 1.2299089 1.1514998 1.2248460 0.6903920 0.6908034 0.9330058 0.9577457 0.2546447 0.3920712 0.4317178 1.1377864 0.9423240 1.1564577 0.9400397 0.5390400 1.2128220 0.8261270 0.6567903 0.8465581 0.7294255 1.0903075 1.0056039 1.0858278 1.0934440 1.0721806 1.1333303 0.0142550 0.6758294 0.7362018 0.9498138 1.0211533 0.9056533 0.7624976 0.9429896 0.9429896 0.9012642 0.9872828 1.1629689 1.6661387 1.7518940 1.6941557 0.8458627 1.1041367 0.5752680 1.0938905 1.0280785 0.7321238 0.7321238 0.9959788 0.9576651 0.9939213 0.9278457 1.2474118 0.7806122 0.9684732 1.0255568 0.8904769 0.6885466 1.0591500 0.7853917 1.0401474 1.0913033 0.8511626 1.1537664 0.8097458 0.4311842 1.2045791 0.7498049 0.8169477 1.1680130 1.0984866 1.0677456 1.0082815 1.1324639 1.0158758 0.8346515 0.7126981 0.8285009 1.1274371 0.9056498 1.0691177 0.9254046 0.7920551 0.0436949 0.4395621 1.1564577 0.8393648 0.2698264 1.2373815 0.5396981 0.8790112 0.1439276 0.7910547 0.8478255 1.2831484 0.9847833 0.8748106 1.1686733 0.9515166 0.9942391 0.8766589 1.5783896 0.8836475 1.1454091 0.6941162 0.6870963 0.6908034 0.2287294 1.1104759 0.0353609 0.0353609 1.0526472 0.9432654 0.8056217 0.7516028 0.8473052 1.2027639 1.2027639 1.1737247 0.9331635 1.0374662 1.0251958 0.3819262 0.4286216 0.0321512 0.0321512 1.0892591 1.0979196 1.0979196 1.0464722 0.8098433 0.0336853 0.9298589 0.8460266 
GCF_000020445.1_ASM2044v1                    0.9519762 0.8808714 0.6710180 0.8541881 0.7065273 0.0803580 1.5537670 0.9868263 0.4210507 0.7041353 0.5071648 0.9035001 0.7065001 0.6517910 0.8329291 0.6922542 0.0000000 1.0272564 0.7298916 0.6964711 0.9468674 0.7048940 0.4377643 0.7064390 0.6166660 1.0132030 0.9782843 0.0000010 0.7065273 0.6253166 0.1410136 0.6593664 0.4423643 0.8374653 0.7557446 0.8921551 1.0080448 0.8449477 0.7528747 0.6540786 0.8059539 0.4992643 0.7621815 0.8628486 0.4992643 0.7839257 0.7407048 0.7368321 0.9880962 1.0230360 0.9952095 0.9952095 0.8146578 0.9827999 1.0230360 0.4622493 0.5512011 0.7296485 0.5615248 0.9012645 0.9183820 0.8986115 0.8307823 0.9684388 0.9865033 0.8449477 0.8738810 1.6314342 0.7002136 0.6631390 0.9943404 0.9802893 0.9041897 0.7012450 0.9216235 0.1526723 0.7337293 1.0042398 0.5052520 0.9860526 0.9473220 0.9868263 0.0076299 0.0076304 0.6833511 0.9341478 0.7553772 0.7152640 0.7525630 0.9854108 0.8975689 1.0821204 0.7269147 0.7317666 1.1711992 0.7542421 0.4911937 0.4193093 0.6387880 0.8959726 0.7484569 0.8744705 1.0230137 0.8942614 0.8669611 0.6930521 0.0410706 0.1465874 1.0038851 0.9041952 0.9415746 0.1383528 0.9448510 0.9448510 0.9359147 1.0300973 0.9927425 1.4563342 1.5430242 1.4799556 0.8252696 0.9012645 0.7323320 0.8676909 1.0128281 0.5216317 0.5216317 1.0688910 0.7326142 0.8718359 0.7819927 1.0420516 0.7365214 0.7330596 0.6996856 0.7667422 0.0012543 0.8028465 0.7033113 0.9638566 0.9540569 0.8920986 0.9111005 0.1774704 0.7363249 0.9537161 0.6528897 0.9369340 0.8520178 0.8359185 0.7016064 0.6467768 0.8326716 0.6575435 0.6330325 0.6517827 0.6158436 0.7806065 0.8676196 1.0152365 0.7378939 0.4273523 0.7040611 0.7595520 1.0821204 0.7478915 0.8435031 0.9941379 0.7301539 0.9078777 0.6668162 0.5096757 0.7132813 1.2759429 0.9035001 0.7348603 0.9322261 0.8570598 0.9649281 0.7287084 1.3308467 0.9805404 0.7927118 0.0063456 0.0089199 0.0076304 0.6762678 0.8769068 0.7212420 0.7212420 0.8076450 0.8528884 0.6703749 0.6202666 0.6149611 0.7801241 0.7801241 0.8971504 0.9263870 0.9613969 0.9774337 0.6517910 0.7196034 0.7065001 0.7065001 0.7548174 0.7357195 0.7357195 0.6987249 0.4297674 0.7012450 0.6350592 0.6627763 
GCF_000021005.1_ASM2100v1                    1.1176360 0.5100921 0.8757660 0.9712597 1.0419631 1.0413241 1.2117485 1.1180019 1.1621513 0.9940235 0.9664978 0.4334184 1.1270426 0.9590183 1.2233421 1.0946589 1.0272564 0.0000000 1.1158493 1.1041237 0.4455345 1.1137962 1.2088817 1.1152748 0.8799389 1.0656356 1.2529957 1.0272564 1.0419631 0.9193391 1.0410712 1.1488568 1.1763022 1.2286299 1.1248970 0.4589008 0.5777352 1.1875383 1.0485477 1.0913732 1.0854478 0.9921380 1.1442508 1.3005036 0.9921380 1.0760718 1.1829980 0.9926235 0.3993075 0.0040019 0.4027612 0.4027612 1.1639214 1.1518649 0.0040019 0.8854259 0.9619181 1.0559151 1.0071477 1.0981835 1.1388013 1.2454454 1.2193394 0.5291909 0.5042825 1.1875383 1.2427738 1.3201009 1.1099309 0.9213565 0.3987538 0.4122822 0.3947671 1.1187498 0.4300313 1.1273929 1.1435006 0.1213614 0.9880494 1.0106552 1.1207656 1.1180019 1.0346898 1.0377262 1.1193967 0.3911816 1.0940749 0.9354660 0.9620625 1.0840599 0.3913941 0.0621378 1.0560718 0.9833053 0.5416136 1.0165025 1.0719284 1.1955147 0.9971209 0.4069328 1.1184601 1.1335790 0.0150581 1.1928199 1.1924091 1.0756345 1.0340749 1.0410360 1.1559083 1.1348090 0.3597736 1.0239258 0.4443895 0.4443895 0.4561340 0.5653867 1.1749443 1.2443353 1.2848242 1.2641889 0.3735441 1.0981835 0.9523684 1.1054381 0.3851156 1.0271122 1.0271122 0.4463084 1.0902004 1.2058118 1.0231382 1.2086351 1.0452071 1.1127195 1.0269029 1.1722891 1.0272564 1.1181816 0.9388297 0.4323503 0.4600001 0.5596844 1.0920574 1.2346238 1.0009546 1.5824577 0.9138364 0.4898158 1.1277785 1.1331053 1.2228998 1.0637503 1.2821564 1.0913439 1.0541693 1.1685276 1.0876136 1.2768124 0.4546396 1.1224193 1.0868594 1.1578567 1.1589049 1.0192990 0.0621378 1.1295488 1.2733131 1.3312582 0.9958327 0.4630194 1.0427896 1.0103559 0.9911150 1.4930231 0.4334184 1.0279853 1.2075918 1.2157642 1.4027052 1.0667526 1.1259811 0.4553907 1.0599755 1.0320319 1.0404042 1.0377262 0.9617480 1.1114381 1.1194100 1.1194100 1.0071937 1.1551906 1.1423778 0.8806238 1.1357654 1.1530216 1.1530216 1.0515724 0.4026361 0.4351263 0.4919749 0.9590183 0.9815799 1.1270426 1.1270426 1.1554262 1.1724007 1.1724007 1.2044763 1.1613819 1.1187498 1.2514332 1.0766843 
