228
GCA_011765465.1_ASM1176546v1                 0.0000000 1.1909868 0.6116857 0.4607193 0.4428253 0.6914485 1.0814981 1.2204880 1.1724250 0.7319933 0.5800793 1.2091316 0.7057936 0.6448625 0.7002189 0.7004930 0.6813444 1.3246476 0.6665049 0.7067473 1.3150027 0.7051930 0.7177754 0.9880385 0.7051930 0.5915056 1.1908198 0.6169921 0.6720210 0.6362343 0.6792103 0.6914485 0.6713001 0.6268567 0.7225674 0.7300153 0.7124116 0.4220170 1.1469450 1.2231911 0.7068427 0.4592686 1.0989946 0.3021931 0.6326990 0.7510468 0.7360255 0.6326990 0.6431875 0.7197899 0.6543859 1.1845219 1.3299444 0.5622031 1.1935253 1.1836020 0.4043882 0.1087278 1.3299444 0.5469416 0.6057933 0.5014348 0.7941530 1.1783497 0.0276923 0.0978935 0.7002189 1.3147618 1.3430628 0.7068427 0.8064271 1.2070680 0.5559885 1.1769076 1.2030888 1.2670692 1.1562007 1.0411460 0.7534382 1.2861750 0.7353789 1.0792378 0.0863987 1.1724250 0.6781948 0.6781948 0.9413360 1.3051213 0.6332851 0.7739818 0.6886499 0.6632034 0.1184193 1.2756230 0.6101473 1.2814877 0.5014348 1.2095288 1.2326227 0.8497516 0.6586756 1.0567233 0.6010010 1.1696739 1.0612892 0.4184823 1.3147843 1.1386126 0.0904164 0.7004930 0.6788732 1.0625274 0.3332925 1.1365014 1.3188579 0.5586794 0.6941571 1.1273267 1.1273267 1.1589874 1.1805972 0.0926724 1.2220823 1.2253598 1.2227273 1.3860188 1.1783497 0.7159129 0.6160068 0.7245685 1.2818229 0.5994688 0.4940029 0.5994688 1.3145171 0.4226673 0.3892389 0.7510591 1.2189163 1.1428860 0.7876143 1.0895494 0.4182369 0.3442699 0.6759128 0.5470832 1.6554624 1.3532369 1.0731093 1.3436907 0.6720210 0.5707449 0.5624302 1.1807541 0.5696634 0.7284505 0.6586612 0.5575669 0.5840292 1.3595401 0.1069971 0.6802453 0.7122173 1.2129846 0.8013562 1.1054058 1.1054866 1.0866917 0.5658613 0.6562304 0.5645026 0.4510840 1.2974077 0.1686141 0.8402599 0.4285915 0.7282143 0.7085008 0.6660193 0.6677321 1.2814877 0.8241119 0.7112927 0.5431832 0.6210552 1.2128936 0.7305311 0.6362343 0.6541302 0.7216668 0.4999900 0.7071612 1.2091316 0.6419411 0.1039579 0.4628794 0.4735604 0.4396736 1.2076993 1.2680824 0.6456608 0.7037622 0.0832102 0.4784612 0.4562082 0.5834250 0.5803379 0.6813444 0.8958137 0.8958137 0.1045728 1.2656218 1.3532369 1.4336404 0.6448625 0.6558255 0.7358736 0.7057936 0.8043443 0.8331415 0.8446913 0.8073988 0.8331415 0.8265528 0.8265528 0.7299292 0.6389806 0.5674429 
GCA_015693905.1_ASM1569390v1                 1.1909868 0.0000000 1.0337948 0.9944735 1.2346937 0.9981375 1.2315352 0.1764789 0.5085855 1.0956049 0.9530975 0.2271843 1.1490819 1.1441739 1.0922793 1.1031693 1.1429566 0.4586264 1.1285097 1.1230690 0.6184266 1.1230844 1.0717090 1.1247931 1.1230844 1.0784198 0.5113947 1.0386008 1.1486740 1.0952621 1.0909159 0.9981375 1.0785339 0.9751104 1.1378017 1.1292489 1.0890815 1.1874138 0.1486280 0.6667398 1.1118518 1.2201143 1.2150798 1.1724288 1.0910011 1.1470262 1.1335414 1.0910011 1.0204689 1.1241611 1.1828690 0.3822644 0.4608357 1.0352503 0.3807309 0.3803781 1.1442425 1.2956188 0.4608357 0.9989423 1.0863147 1.2379512 1.3034928 1.3237705 1.2262270 1.2647470 1.0922793 0.7151832 0.5968470 1.1118518 1.1103843 0.4609965 1.1261339 0.3954258 0.3726174 0.5827686 0.4489320 1.2701784 1.1433205 0.4580000 1.1232966 1.3575355 1.2688007 0.5085855 1.1526279 1.1526279 1.1128020 0.4816848 1.1992706 1.1238821 1.1670818 1.1677161 1.2566850 0.5827686 1.0846921 0.4607875 1.2379512 1.2178461 0.4452648 0.9805473 1.0864219 1.2252240 1.0509728 0.4389398 1.0146749 1.1062216 0.4568722 1.2456449 1.2727141 1.1031693 1.1474354 1.2716935 1.2589710 1.2591035 0.5597832 1.0009757 1.1702193 0.5363598 0.5363598 0.4998470 0.5226621 1.2252950 0.6165240 0.6285445 0.6204556 0.6188266 1.3237705 1.1034392 1.0484520 1.7476111 0.6424172 1.0934334 1.2483191 1.0934334 0.5652607 1.1561483 1.1466464 1.0490427 1.6508663 0.5220211 0.9687741 1.2242295 1.0869707 1.1258362 1.1469326 1.1610071 1.5285589 0.6303508 0.5416064 0.5734183 1.1486740 0.9622491 0.9727708 1.3179196 0.9538016 1.1703677 1.1985698 1.1203603 1.0996576 0.5948946 1.2670176 1.0489062 1.0658820 1.3910703 1.0586514 1.2409495 1.3274028 1.2519867 1.1661092 1.0386810 1.1622523 1.0430151 0.6235993 1.1874539 0.9509392 1.1837237 1.1842813 1.1833954 1.1565635 1.0269945 0.4607875 1.1165859 1.0753168 1.2750924 1.0383527 0.6263478 1.1660032 1.0952621 1.1097800 1.0152556 1.1323691 1.1120753 0.2271843 1.0520927 1.2501851 1.2087438 1.1241928 1.2514070 0.4038198 0.6049029 1.0959934 1.1929014 1.2750604 1.2063781 1.1537535 1.1120570 0.9644510 1.1429566 1.2062169 1.2062169 1.2480838 0.5789373 0.6303508 0.6242850 1.1441739 1.2004008 1.1711339 1.1490819 1.0661874 1.0518990 1.0598219 1.0609379 1.0518990 1.0500233 1.0500233 1.0906034 1.0418039 1.0419648 
GCA_016745215.1_scaff03                      0.6116857 1.0337948 0.0000000 0.5381939 0.8461161 0.4905154 0.7157872 1.0372541 1.0558401 0.5071436 0.3427171 0.9988554 0.6045424 0.4922723 0.6176657 0.5800773 0.5052390 1.0613324 0.4848618 0.6005719 1.0885527 0.6007302 0.3247370 0.7903088 0.6007302 0.5344404 1.0660452 0.5370215 0.5029523 0.4695214 0.3108308 0.4905154 0.3193014 0.4237540 0.4881693 0.5061118 0.6091172 0.5801850 0.9533476 1.1102809 0.6247669 0.6115895 0.9118565 0.6953714 0.4451911 0.6415063 0.6522001 0.4451911 0.5214199 0.6050354 0.4704262 0.9812727 1.0525613 0.3477924 0.9812749 0.9736574 0.7044268 0.6255739 1.0525613 0.3736257 0.4270980 0.7046488 0.7355568 1.2106293 0.6598705 0.6429055 0.6176657 1.0096964 1.1356372 0.6247669 0.7005341 1.0597768 0.5752837 0.9550858 0.9388547 1.0663263 0.9827929 0.7276096 0.6050613 1.0740255 0.4487198 1.1895025 0.6303632 1.0558401 0.5027730 0.5027730 0.7700817 1.1114460 0.4803689 0.6183941 0.4972212 0.4939264 0.6733341 1.0663263 0.4015063 1.0655263 0.7046488 1.0026898 1.0960326 0.7931519 0.4303775 0.8119029 0.3803343 1.0906803 0.9824100 0.6176442 1.0494338 1.1953382 0.6323188 0.5800773 0.5096423 0.7387473 0.7153589 1.1593312 1.0604288 0.3565643 0.4867378 1.0372484 1.0372484 1.0414889 1.0624280 0.6229259 1.1346998 1.1481721 1.1346998 1.0121703 1.2106293 0.3541066 0.5290679 1.0733321 1.0676159 0.4352336 0.6694369 0.4352336 1.0669469 0.5418162 0.6828480 0.4324675 1.1334227 1.0997476 0.6841563 0.9128526 0.6423295 0.5895810 0.5069303 0.6025551 1.5493525 1.1186932 0.9507692 1.1339577 0.5029523 0.3427459 0.3595135 1.2073895 0.3546555 0.4963699 0.4922820 0.7297904 0.5411621 1.0784005 0.6641071 0.3203859 0.3426236 1.0544710 0.6312044 0.9257587 0.9669305 0.9158128 0.5537020 0.4421422 0.5523889 0.5446738 1.1514470 0.6415306 0.7014421 0.5691320 0.5169623 0.5981618 0.4939984 0.3239388 1.0655263 0.8380055 0.6160989 0.7343941 0.5264690 0.9998259 0.5739824 0.4695214 0.4729055 0.5472250 0.6909894 0.6315250 0.9988554 0.5108284 0.6706840 0.5777669 0.5979297 0.6396910 1.0861525 1.0380009 0.5093951 0.5500128 0.6447482 0.5665716 0.5575736 0.5412325 0.4054678 0.5052390 0.7750869 0.7750869 0.6440670 1.0578279 1.1259724 1.0725369 0.4922723 0.4899273 0.5269930 0.6045424 0.6294521 0.6305844 0.6274703 0.6323375 0.6305844 0.6256954 0.6256954 0.5203418 0.4899436 0.4411531 
GCA_019285715.1_ASM1928571v1                 0.4607193 0.9944735 0.5381939 0.0000000 0.5183289 0.5556254 0.9565408 1.0834062 1.1242068 0.6763185 0.4585071 1.0356722 0.5267895 0.4767805 0.5328811 0.4956159 0.6275059 1.1316050 0.5563839 0.5312817 1.2024434 0.5301118 0.5929446 0.8588450 0.5301118 0.4029080 1.1415450 0.5081940 0.6259961 0.5662007 0.5722604 0.5556254 0.5777333 0.5707961 0.6491665 0.6546019 0.5524668 0.3936641 0.9637534 1.1411910 0.5510349 0.4268385 0.9852587 0.5355906 0.4947879 0.7278071 0.7787244 0.4947879 0.5981357 0.5374202 0.4845151 0.9754572 1.1220177 0.4267460 0.9754414 0.9727277 0.5578327 0.4532283 1.1220177 0.4546043 0.5601450 0.4659693 0.7802822 1.1094482 0.4806903 0.4384602 0.5328811 1.1423075 1.1282793 0.5510349 0.7838148 1.1734574 0.3976023 0.9746942 0.9790036 1.1384258 1.1031369 0.9407646 0.5358656 1.1499306 0.6115956 1.2037036 0.4450998 1.1242068 0.6305425 0.6305425 0.8658802 1.1551452 0.5069366 0.5530323 0.4915153 0.4764674 0.4723085 1.1384258 0.4977268 1.1188647 0.4659693 1.2479297 1.1228675 0.8128316 0.5004909 0.9031816 0.4857378 1.1989828 0.9954665 0.3992794 1.1141488 1.1209624 0.4504122 0.4956159 0.6205057 0.9560621 0.5757921 1.1463301 1.1525021 0.4805659 0.6389048 1.0664965 1.0664965 1.0347922 1.1546806 0.4590684 1.1209532 1.1538723 1.1286306 1.1399300 1.1094482 0.6151734 0.4833604 0.7677439 1.0814879 0.5545215 0.4571234 0.5545215 1.2252396 0.3375988 0.5583783 0.6495425 1.1126346 1.1655607 0.7352565 1.0052802 0.3849197 0.4564781 0.6296294 0.3528606 1.5602728 1.1902135 1.0161355 1.0070565 0.6259961 0.4596440 0.4778875 1.1196435 0.4647369 0.6591261 0.4913286 0.4844413 0.4042765 1.0589899 0.4783296 0.5751064 0.6028983 1.0037192 0.7428848 0.9814202 1.0600485 0.9867189 0.3413621 0.5675982 0.3406809 0.2580357 1.2893358 0.5037894 0.7407186 0.3755154 0.6946946 0.5083277 0.5003785 0.5767783 1.1188647 0.7339896 0.5416837 0.5709866 0.4894321 1.1121614 0.5703982 0.5662007 0.5176215 0.5230042 0.4231874 0.5472957 1.0356722 0.5153684 0.4804066 0.3885123 0.3741393 0.4113655 1.1266669 1.1330848 0.5674701 0.5398497 0.4460677 0.4020303 0.3690583 0.4019930 0.4595250 0.6275059 0.8396073 0.8396073 0.4512991 1.0715247 1.1980725 1.1753441 0.4767805 0.4915209 0.7541280 0.5267895 0.7421505 0.7561950 0.7630635 0.7430987 0.7561950 0.7502797 0.7502797 0.6567710 0.5652466 0.4731659 
GCA_019739335.1_ASM1973933v1                 0.4428253 1.2346937 0.8461161 0.5183289 0.0000000 0.7204237 1.1384918 1.2675720 1.2398506 0.8385866 0.6739001 1.1811613 0.7763716 0.7169118 0.7083558 0.7319179 0.8679082 1.4176793 0.7743218 0.7589772 1.3165689 0.7573216 0.7925060 1.1059147 0.7573216 0.5853546 1.2424038 0.7307717 0.8657792 0.7677651 0.7846214 0.7204237 0.7964365 0.7182914 0.8107135 0.8401189 0.6924773 0.4335518 1.1518953 1.2958051 0.7313468 0.5081489 1.0580939 0.4094084 0.6793321 0.8440305 0.9127041 0.6793321 0.7296979 0.7675647 0.7049607 1.1553391 1.4233662 0.6694782 1.1573937 1.1540878 0.3933407 0.4330301 1.4233662 0.6203151 0.7170723 0.4661149 0.8331772 1.1090245 0.4364387 0.4305850 0.7083558 1.2603297 1.3145317 0.7313468 0.7826911 1.2068120 0.6004966 1.1322581 1.1741695 1.1924377 1.2115176 1.1931199 0.7648330 1.3053066 0.7661965 1.1209843 0.4225812 1.2398506 0.8592338 0.8592338 0.9893882 1.3417603 0.6767501 0.7580990 0.7034822 0.7045051 0.4111713 1.1924377 0.7264277 1.4000269 0.4661149 1.4196084 1.3107588 0.8195822 0.6764146 1.2291207 0.7742502 1.2797881 0.9273014 0.4751089 1.3896378 1.2171307 0.4130823 0.7319179 0.8442398 1.2043090 0.3260947 1.1570307 1.1947861 0.6573675 0.8215055 1.2376011 1.2376011 1.2039845 1.2211667 0.3801723 1.0763757 1.0902843 1.0838856 1.4081233 1.1090245 0.7880041 0.6412943 0.6851644 1.1233867 0.7049355 0.5432365 0.7049355 1.3286827 0.4158868 0.3510211 0.8206168 1.3456914 1.2033294 0.8616484 1.2029819 0.4300867 0.3573532 0.8708704 0.5491553 1.6061208 1.3192392 1.2073969 1.1974190 0.8657792 0.6700389 0.6536953 1.1112164 0.6569222 0.8314614 0.7123483 0.5487150 0.6160968 1.3258695 0.4115634 0.7935037 0.8224395 1.1100393 0.8290404 1.0812931 1.1049487 1.0553054 0.5648146 0.7441992 0.5605412 0.5154891 1.2939783 0.4267354 0.9200509 0.4318897 0.8505064 0.7780046 0.7124916 0.7886854 1.4000269 0.7758308 0.6965042 0.5691321 0.6501489 1.1046164 0.7151243 0.7677651 0.7020691 0.8168184 0.5148109 0.6756273 1.1811613 0.6389800 0.4282219 0.4632928 0.4579752 0.4329584 1.2472316 1.2533820 0.6990420 0.6848157 0.4234664 0.4797445 0.4429387 0.6298117 0.7272227 0.8679082 0.9159325 0.9159325 0.3996266 1.1091069 1.3192392 1.3297582 0.7169118 0.7134232 0.9272795 0.7763716 0.8288192 0.8365200 0.8512549 0.8359591 0.8365200 0.8398317 0.8398317 0.8570107 0.7598974 0.6690471 
GCF_000013085.1_ASM1308v1                    0.6914485 0.9981375 0.4905154 0.5556254 0.7204237 0.0000000 0.8902873 0.9908654 1.0451360 0.5779529 0.4076637 0.9759126 0.5314666 0.4713381 0.5196782 0.5017765 0.5134567 1.0709583 0.5016792 0.5276643 1.1490455 0.5267406 0.4683990 0.9005309 0.5267406 0.5994666 1.0570669 0.5407517 0.5121589 0.5055063 0.4612483 0.0000010 0.4439596 0.4672299 0.5225976 0.5801341 0.5069642 0.6225043 0.9670747 1.3674472 0.5207507 0.7108183 0.8950055 0.7577994 0.4633922 0.7467203 0.7228432 0.4633922 0.5704766 0.5319232 0.4951100 0.9543186 1.0751393 0.4016822 0.9431108 0.9479649 0.7621014 0.6870167 1.0751393 0.4029832 0.4830716 0.6527649 0.7727867 1.1567535 0.7132785 0.6799143 0.5196782 1.0657031 1.2121539 0.5207507 0.7032336 1.1677831 0.5994132 0.9501027 0.9624513 1.1841820 1.1053473 0.8800775 0.4954098 1.0867559 0.5038581 1.1198801 0.6899628 1.0451360 0.5141363 0.5141363 0.7595242 1.1811264 0.4964031 0.5333860 0.5103838 0.4849787 0.7165606 1.1760963 0.4607088 1.0830659 0.6527649 1.1689751 1.0398043 0.7379034 0.4613317 0.9813774 0.4114885 1.0959907 1.0144056 0.5993890 1.0678059 1.1362541 0.7117505 0.5017765 0.5189990 0.9080916 0.7572362 1.1354129 1.2024332 0.4357855 0.5288174 1.1885557 1.1885557 1.1213293 1.1264493 0.7142017 1.3131706 1.2378956 1.3131706 1.2002972 1.1567535 0.4981758 0.5304297 1.1265184 1.2308197 0.4835405 0.7244290 0.4835405 1.1525619 0.5753190 0.6941008 0.5183913 1.1246217 1.1359432 0.8320928 0.9383065 0.6443234 0.6650945 0.5151710 0.5653421 1.5740966 1.1540282 0.9857344 1.1270028 0.5121589 0.4213403 0.4223373 1.1475675 0.4276250 0.5310909 0.5032501 0.7542592 0.6051565 1.1962983 0.6748578 0.4600845 0.4827478 1.0208115 0.6604610 0.8880253 1.0180259 0.8798902 0.5100264 0.4066403 0.5088664 0.5330859 1.1086077 0.7220086 0.7879937 0.6547108 0.5963846 0.5297075 0.4943430 0.4511698 1.0830659 0.7553698 0.5161701 0.7597341 0.5359227 1.1006391 0.4841676 0.5055063 0.4702125 0.4802564 0.6832901 0.4999033 0.9759126 0.4880844 0.7409048 0.6421439 0.6551156 0.6855532 1.1169098 1.1818327 0.4940145 0.5045512 0.7076334 0.7005683 0.6275343 0.5923309 0.4371608 0.5134567 0.7865972 0.7865972 0.6960530 1.1049858 1.1460995 1.0180439 0.4713381 0.5008635 0.6824072 0.5314666 0.6585912 0.6581987 0.6560436 0.6616613 0.6581987 0.6609467 0.6609467 0.5827739 0.4595110 0.4296237 
GCF_000013365.1_ASM1336v1                    1.0814981 1.2315352 0.7157872 0.9565408 1.1384918 0.8902873 0.0000000 1.2204544 1.4556724 0.9500750 0.8121117 1.2666010 1.0074508 0.8829165 0.9625039 0.9882756 0.8902525 1.1871659 0.9441441 1.0102658 1.3010060 1.0103289 0.7221199 0.3924242 1.0103289 0.9672760 1.4454497 1.0276515 0.8957183 0.8524841 0.7743016 0.8902873 0.7899980 0.8497434 0.8951606 0.9433399 0.9556235 1.0292742 1.2062932 1.6953298 0.9540902 1.0447306 1.2209316 1.1183129 0.8599252 1.0467737 1.0596402 0.8599252 0.8956353 1.0294433 0.8399271 1.3336969 1.1845368 0.7920961 1.3448658 1.3408902 1.1334448 1.1098137 1.1845368 0.7917095 0.8168594 0.9965946 1.0537293 1.5714449 1.1086397 1.0694879 0.9625039 1.3610479 1.4327548 0.9540902 1.0520554 1.3592303 0.9944256 1.3330082 1.2987110 1.5007968 1.5168716 0.2009872 1.0102876 1.1773820 0.8505738 1.7060275 1.0403647 1.4556724 0.8982915 0.8982915 1.1067297 1.3166314 0.8967819 0.9995179 0.8774507 0.8900453 1.1089666 1.4999676 0.8206790 1.2101470 0.9965946 0.7581577 1.3134687 0.9944049 0.8063114 0.4130623 0.7270260 1.3661312 1.2023896 0.9912977 1.1849482 1.7111909 1.0419406 0.9882756 0.8784001 0.2037769 1.0775702 1.6413540 1.5154898 0.7986652 0.8950318 1.4892270 1.4892270 1.4584985 1.4529925 1.0765473 1.5784933 1.6457165 1.5900012 1.6108335 1.5714449 0.7595386 0.9630129 1.5506903 1.6439863 0.8158917 1.2014356 0.8158917 1.3572897 0.9819306 1.0792339 0.7973643 1.4838986 1.4198081 1.0039358 1.2982746 1.0213651 1.1144928 0.8923451 0.9531887 1.7315328 1.2946621 1.3172963 1.3700696 0.8957183 0.7972651 0.7831671 1.5719536 0.7893556 0.8975452 0.8551603 1.0933518 0.9620482 1.4183860 1.0870845 0.7608530 0.7243412 1.1247356 0.9575471 1.2524972 1.1361939 1.2215164 0.9719362 0.8579563 0.9688945 0.9166483 1.3830288 1.1459800 1.0925700 1.0113933 0.9651427 1.0182769 0.8766757 0.7555132 1.2101470 1.1683362 0.9441626 1.1515473 0.9566988 1.3873933 0.9359540 0.8524841 0.9158670 0.9191192 1.0597868 0.9772610 1.2666010 0.8926639 1.0662724 1.0950832 1.0314591 1.0270944 1.5528623 1.3880982 0.8418005 0.9617587 1.0846596 1.0392137 1.0836170 0.9623401 0.8640142 0.8902525 1.2418441 1.2418441 1.0493033 1.4944126 1.3034673 1.4212816 0.8829165 0.8564916 0.8547732 1.0074508 0.9533637 0.9640283 0.9484679 0.9589138 0.9640283 0.9595044 0.9595044 0.9087293 0.9127660 0.8205003 
GCF_000013565.1_ASM1356v1                    1.2204880 0.1764789 1.0372541 1.0834062 1.2675720 0.9908654 1.2204544 0.0000000 0.4585947 1.0828005 0.9816081 0.2359000 1.1948584 1.1747617 1.1471996 1.1785515 1.0460693 0.4744731 1.1719887 1.1792016 0.5660828 1.1791912 1.0578655 1.1713262 1.1791912 1.1016997 0.4580547 1.0501507 1.0498783 1.0351780 1.0957288 0.9908654 1.0927312 1.0102440 1.1095826 1.1131563 1.1095156 1.2625410 0.1195634 0.6308568 1.1554674 1.2597035 1.2646692 1.2024126 1.0948184 1.0788255 1.0593573 1.0948184 1.0049420 1.1629438 1.1649631 0.3739678 0.4767478 1.0571312 0.3672885 0.3669489 1.0835811 1.2558600 0.4767478 1.0080841 1.0629802 1.2375525 1.2759558 1.2949000 1.2662288 1.2499300 1.1471996 0.6900753 0.5846353 1.1554674 1.1141104 0.4399282 1.0875827 0.3838599 0.3559489 0.5366465 0.4573677 1.2539825 1.1942763 0.4466551 1.0628995 1.2655053 1.2446030 0.4585947 1.0539017 1.0539017 1.1202937 0.5148168 1.2006670 1.1486068 1.1429084 1.1820623 1.2547463 0.5366465 1.0205977 0.4698753 1.2375525 1.2584044 0.4632329 0.9459692 1.1197810 1.2194895 1.0965991 0.4168642 1.0457894 1.1331177 0.4804501 1.2758239 1.2473523 1.1785515 1.0475167 1.2562482 1.2175128 1.2315895 0.5344953 1.0017854 1.1484216 0.5450858 0.5450858 0.4779370 0.5307166 1.1729354 0.6071956 0.5997036 0.6033807 0.6145139 1.2949000 1.1003558 1.0641841 1.5960966 0.6016889 1.0624863 1.2665051 1.0624863 0.5368874 1.1840436 1.1312938 1.0198200 1.5871695 0.4553775 1.0079332 1.3527417 1.1242035 1.1353434 1.0496637 1.1580621 1.5310387 0.5680189 0.5409631 0.5283024 1.0498783 0.9845767 0.9902617 1.3007527 0.9475228 1.1526306 1.1802717 1.1203246 1.1006216 0.6090973 1.2010607 1.0627298 1.0729807 1.3301521 1.0434828 1.2968886 1.3419536 1.3110125 1.1944421 1.0238698 1.1904245 1.0687414 0.5995656 1.1651443 1.0048663 1.2264491 1.1572512 1.2349479 1.1991209 1.0405171 0.4698753 1.0974124 1.1467325 1.2557730 1.0548324 0.6847082 1.1446903 1.0351780 1.1792376 1.0737818 1.1595239 1.1564044 0.2359000 1.1043951 1.2093143 1.1574565 1.1664629 1.1876304 0.3941910 0.5615891 1.0566997 1.1982945 1.2612482 1.1961549 1.1268791 1.1129669 0.9852199 1.0460693 1.1338322 1.1338322 1.2594508 0.5471605 0.5680189 0.5846876 1.1747617 1.1820764 1.1560988 1.1948584 1.0357725 1.0353832 1.0500627 1.0457371 1.0353832 1.0335285 1.0335285 1.0840386 1.0158981 1.0628158 
GCF_000014045.1_ASM1404v1                    1.1724250 0.5085855 1.0558401 1.1242068 1.2398506 1.0451360 1.4556724 0.4585947 0.0000000 1.1500573 1.0940802 0.4978046 1.2382034 1.2327277 1.2497815 1.2308582 1.2729010 0.5589854 1.2073977 1.2600560 0.6400116 1.2600062 1.2168900 1.4139358 1.2600062 1.1000436 0.0045175 1.1464403 1.2662795 1.1431083 1.1525245 1.0451360 1.1856289 1.1315107 1.1878464 1.1910865 1.2574504 1.1548069 0.4554256 0.6925296 1.2560944 1.1937942 1.3985734 1.1536046 1.2050872 1.0947053 1.1386512 1.2050872 1.0511775 1.2664789 1.1511179 0.4115964 0.5545648 1.1821048 0.4005680 0.4028876 1.2184657 1.2282372 0.5545648 1.1578501 1.2539920 1.2138113 1.2497764 1.3165789 1.2017547 1.2000325 1.2497815 0.7338341 0.5851861 1.2560944 1.2565896 0.1796855 1.1089023 0.3985969 0.4023039 0.6665833 0.4810040 1.4436469 1.2731642 0.5612109 1.1392181 1.3427892 1.2557856 0.0000010 1.2744156 1.2744156 1.1222239 0.5503033 1.2559595 1.2084379 1.2128483 1.1530421 1.2054421 0.6665833 1.1301235 0.5582136 1.2138113 1.5333078 0.5436247 1.0169150 1.1500752 1.4629864 1.1642280 0.2619859 1.0860901 1.1967856 0.5610674 1.3562246 1.2285188 1.2308582 1.2850626 1.4476364 1.1821332 1.2376363 0.6851490 1.1293244 1.2447510 0.4594199 0.4594199 0.4806453 0.4895817 1.1847473 0.7180569 0.7160912 0.7180569 0.6807777 1.3165789 1.2256790 1.2528629 1.7599539 0.7231078 1.2479503 1.2851394 1.2479503 0.4757162 1.2656531 1.1380537 1.3087999 1.7229176 0.1107486 1.0529492 1.3568902 1.2231733 1.1714009 1.2772718 1.2429083 1.5343755 0.6380610 0.6129997 0.7124766 1.2662795 1.1378166 1.1254889 1.3364529 1.1155476 1.2196698 1.1912079 1.2178616 1.1337762 0.6123938 1.1572800 1.1442141 1.2318595 1.3715593 1.1805090 1.4253038 1.4468098 1.4457483 1.2972180 1.1208745 1.3149085 1.1386552 0.6469495 1.1672910 1.0858461 1.2727481 1.2076817 1.2539836 1.1643049 1.1616245 0.5582136 1.1787833 1.2403292 1.2808237 1.2238033 0.6082655 1.2927494 1.1431083 1.2660571 1.0710078 1.1798651 1.2492272 0.4978046 1.1785193 1.2217263 1.2053568 1.2191010 1.1649333 0.6389091 0.6024058 1.1181416 1.2801402 1.2387591 1.2448090 1.1578940 1.1426370 1.0385020 1.2729010 1.2405332 1.2405332 1.2235525 0.6683035 0.6380610 0.6498760 1.2327277 1.1865233 1.1772165 1.2382034 1.1771067 1.1683866 1.1669034 1.1832015 1.1683866 1.1683815 1.1683815 1.1627747 1.1223445 1.1952382 
GCF_000015165.1_ASM1516v1                    0.7319933 1.0956049 0.5071436 0.6763185 0.8385866 0.5779529 0.9500750 1.0828005 1.1500573 0.0000000 0.4386920 1.0312438 0.6816207 0.5750552 0.6451081 0.6733057 0.5329085 1.2041767 0.6558315 0.6655860 1.2146287 0.6622431 0.5228439 0.9697358 0.6622431 0.7036122 1.1572914 0.5358249 0.5315605 0.5700896 0.5243167 0.5779529 0.5213910 0.4868541 0.4963922 0.0152899 0.6810223 0.6766861 1.0793919 1.1145456 0.6826994 0.7188293 1.0000113 0.7418240 0.5128929 0.8796414 0.8176542 0.5128929 0.6542728 0.6787458 0.5939552 1.0725927 1.2090035 0.4684046 1.0611093 1.0586935 0.7719091 0.7537761 1.2090035 0.4922300 0.5142174 0.7335564 0.7694836 1.1069869 0.7529556 0.7386324 0.6451081 1.1321055 1.2497638 0.6826994 0.7145716 1.1281497 0.6815820 1.0173885 1.0873467 1.1962508 1.0552586 0.9554129 0.7024206 1.1846385 0.6783730 1.2561424 0.7513148 1.1500573 0.5326410 0.5326410 0.8516480 1.2462596 0.6045707 0.6540959 0.5628671 0.5989445 0.7221002 1.1962508 0.4968150 1.2409572 0.7335564 1.1732954 1.1161704 0.7406729 0.5273485 1.0209472 0.4861284 1.0963242 0.8526500 0.7123345 1.2329951 1.1552534 0.7638850 0.6733057 0.5338634 0.9659199 0.8611260 1.1195209 1.1214700 0.4487101 0.4944499 1.1260136 1.1260136 1.1281932 1.1739851 0.7347773 1.1539286 1.1746828 1.1698028 1.0991165 1.1069869 0.5642068 0.5636282 1.1850761 1.1597319 0.5070553 0.7428460 0.5070553 1.0746119 0.6661403 0.8416921 0.5886587 1.0923961 1.1191734 0.7205202 1.0348576 0.7477167 0.7099405 0.5347170 0.7321813 1.4228094 1.2302781 1.0585474 1.1156279 0.5315605 0.4512994 0.4454849 1.0981141 0.4427691 0.5332022 0.5949519 0.8009658 0.6949569 1.2871265 0.7253736 0.5259182 0.5496754 1.0330986 0.5710155 1.0259681 1.0221246 1.0000913 0.6567254 0.4945033 0.6550056 0.6614177 1.2381658 0.7230592 0.6941412 0.6227076 0.0313007 0.6839331 0.5893734 0.5309580 1.2409572 0.8643475 0.6477448 0.8525790 0.5702002 1.1943471 0.6760802 0.5700896 0.5870967 0.5914138 0.7522303 0.6713865 1.0312438 0.6394032 0.7521435 0.6982579 0.6861909 0.7533057 1.1950838 1.1798965 0.6650176 0.6435844 0.7533492 0.7183899 0.6896454 0.7044740 0.4662603 0.5329085 0.7706461 0.7706461 0.7684813 1.2336556 1.2215056 1.0977527 0.5750552 0.5958607 0.5629194 0.6816207 0.5650973 0.5711382 0.5778368 0.5675711 0.5711382 0.5719068 0.5719068 0.0224943 0.4859584 0.4779341 
GCF_000016185.1_ASM1618v1                    0.5800793 0.9530975 0.3427171 0.4585071 0.6739001 0.4076637 0.8121117 0.9816081 1.0940802 0.4386920 0.0000000 0.9973560 0.4690513 0.4338711 0.4791161 0.4566233 0.4113472 1.0426456 0.4277699 0.4672662 1.0624178 0.4674279 0.3560018 0.7891344 0.4674279 0.5723372 1.0904354 0.4144059 0.4066681 0.4628103 0.3412215 0.4076637 0.3262513 0.3521575 0.4307927 0.4494425 0.4599676 0.5023415 0.9653284 1.2187389 0.4806048 0.5795910 0.8080327 0.6565633 0.3817513 0.6326154 0.6371082 0.3817513 0.4435678 0.4739432 0.4348111 0.9286885 1.0339818 0.2915572 0.9231153 0.9210391 0.6618838 0.6099397 1.0339818 0.3286493 0.3883430 0.6096855 0.6808457 1.0301355 0.6082060 0.5932435 0.4791161 0.9938870 1.0912417 0.4806048 0.6626187 1.1491337 0.5786792 0.9001966 0.9265290 1.1424174 0.9957803 0.7534049 0.5021581 1.0234047 0.4290214 1.0552463 0.5884059 1.0940802 0.4091984 0.4091984 0.7627647 1.1064140 0.4276354 0.5395126 0.4447498 0.4273807 0.5943196 1.1499729 0.3250962 1.0209432 0.6096855 1.0517894 0.9821917 0.6721317 0.3826323 0.8290848 0.3073053 1.0353762 0.8180691 0.4866912 1.0088604 1.0712333 0.5882023 0.4566233 0.4094759 0.7575193 0.6960517 1.0892259 1.0908843 0.1950728 0.4240682 1.0478879 1.0478879 1.0347110 1.1225027 0.6450744 1.1854022 1.1609552 1.1775365 0.9825229 1.0301355 0.3861395 0.4557212 0.9886898 1.1235750 0.3950151 0.5794949 0.3950151 1.0641687 0.5046456 0.6338725 0.4362294 1.0633028 1.1109870 0.5818636 0.8290045 0.5031092 0.5847475 0.4127094 0.5473197 1.4127493 1.1019384 0.9381249 0.9470271 0.4066681 0.1877993 0.1844605 1.0221038 0.1812697 0.4347406 0.4575451 0.6899552 0.5573923 1.0966626 0.6180761 0.3307986 0.3763843 1.0175370 0.6042514 0.8273547 0.9614447 0.8158788 0.4928803 0.3605291 0.4917540 0.4517721 1.1170323 0.5685318 0.6405126 0.5249733 0.4588394 0.4722624 0.4311659 0.3264096 1.0209432 0.7778495 0.4746280 0.6637107 0.4572275 1.0691498 0.4924864 0.4628103 0.3655626 0.4366478 0.6270054 0.4715903 0.9973560 0.3879070 0.6296601 0.5251736 0.5209161 0.5949927 1.0467225 1.0463868 0.4383722 0.4619115 0.5953052 0.5615871 0.5133456 0.5700668 0.3509873 0.4113472 0.7885064 0.7885064 0.6028257 1.0553719 1.0944620 1.0708377 0.4338711 0.4552605 0.5280529 0.4690513 0.6026033 0.6007534 0.5982093 0.6053244 0.6007534 0.6014947 0.6014947 0.4435295 0.3940080 0.3153544 
GCF_000018145.1_ASM1814v1                    1.2091316 0.2271843 0.9988554 1.0356722 1.1811613 0.9759126 1.2666010 0.2359000 0.4978046 1.0312438 0.9973560 0.0000000 1.1334271 1.1585412 1.0966013 1.1007940 1.1401106 0.5036369 1.1664437 1.1179078 0.5859605 1.1179256 1.1414393 1.1107950 1.1179256 1.0582774 0.5016620 1.0790139 1.1395753 1.0770279 1.1196523 0.9759126 1.1227748 1.0438045 1.0747259 1.0441709 1.0987623 1.1085451 0.1917871 0.6959128 1.1028017 1.2565746 1.3068711 1.1767856 1.0540051 1.1655551 1.1922447 1.0540051 1.0483606 1.1211635 1.1465979 0.4078572 0.5059965 1.0849945 0.4105702 0.4073916 1.1882171 1.2646046 0.5059965 1.0428265 1.1247803 1.1831216 1.1974443 1.3712305 1.2686997 1.2378736 1.0966013 0.6825598 0.6256301 1.1028017 1.1154463 0.4810481 1.0656568 0.4289388 0.4211452 0.5193084 0.5016118 1.3110477 1.1250251 0.5125938 1.0818033 1.3688399 1.2358611 0.4978046 1.1450489 1.1450489 1.0930316 0.5086205 1.1387234 1.1132033 1.1169961 1.1056743 1.3278626 0.5193084 1.0702762 0.5295549 1.1831216 1.4177910 0.4886185 0.9946690 1.0637018 1.2940047 1.0978457 0.4442660 1.0957978 1.0980235 0.5016561 1.2874641 1.2389652 1.1007940 1.1468044 1.3137354 1.2582944 1.2885433 0.5032946 0.9387071 1.1288637 0.6023478 0.6023478 0.5406048 0.5548979 1.2098755 0.5837651 0.5620515 0.5837651 0.6455566 1.3712305 1.1389708 1.1539553 1.6623669 0.5926611 1.1466911 1.3047525 1.1466911 0.5779464 1.1512543 1.1615274 1.1185363 1.7041168 0.4989941 0.9594120 1.3047503 1.1158476 1.1397438 1.1440393 1.1292254 1.4824032 0.5868968 0.5225591 0.5983460 1.1395753 0.9354937 0.9422137 1.3774598 0.9244531 1.1005881 1.1389728 1.1837966 1.0409488 0.6346494 1.2252903 1.1221277 1.1537197 1.2904237 1.0858343 1.3167194 1.2441200 1.3319196 1.1961655 0.9800884 1.1921681 1.1006146 0.6710832 1.1922428 0.9969653 1.1805498 1.0927150 1.1567930 1.1017324 1.1083463 0.5295549 1.0652669 1.0886284 1.2454559 1.1287425 0.6723173 1.1245430 1.0770279 1.1645798 1.0835312 1.1740915 1.1099957 0.0000010 1.0345246 1.2524309 1.1704736 1.1053369 1.1751913 0.4675460 0.6186227 1.0412884 1.1592112 1.2365495 1.2346774 1.1265729 1.0527398 0.9671296 1.1401106 1.0799453 1.0799453 1.2162543 0.5456531 0.5868968 0.6305562 1.1585412 1.1488447 1.1404336 1.1334271 1.0743791 1.0653455 1.0626359 1.0882142 1.0653455 1.0634299 1.0634299 1.0551877 1.0179507 1.0294423 
GCF_000018845.1_ASM1884v1                    0.7057936 1.1490819 0.6045424 0.5267895 0.7763716 0.5314666 1.0074508 1.1948584 1.2382034 0.6816207 0.4690513 1.1334271 0.0000000 0.2420755 0.1886682 0.0403284 0.6240538 1.1108204 0.5575183 0.0072135 1.2787556 0.0060036 0.6066004 1.0676123 0.0060036 0.5553486 1.2444025 0.5091382 0.6202462 0.5959241 0.5538600 0.5314666 0.5563744 0.5577316 0.6064717 0.6711175 0.1991452 0.6182254 1.1941821 1.2487519 0.1870797 0.6832084 0.9069030 0.8200608 0.4865220 0.8046288 0.8206218 0.4865220 0.6371996 0.0133125 0.2481938 1.0882510 1.1014680 0.4679504 1.0933288 1.0902425 0.7317195 0.6938673 1.1014680 0.4623288 0.5726113 0.7377118 0.8588129 1.1140321 0.7182859 0.6801866 0.1886682 1.1770276 1.2588123 0.1870797 0.8283105 1.2259153 0.5358088 1.0544447 1.0688551 1.2132562 1.0750741 1.0406708 0.0539018 1.1102622 0.6616306 1.1743128 0.6741676 1.2382034 0.6237156 0.6237156 0.8033587 1.1674387 0.2005841 0.1951175 0.2530500 0.2470927 0.6849706 1.2213716 0.5584411 1.1052679 0.7377118 1.3278674 1.1333953 0.7918491 0.4778642 1.1326256 0.4613184 1.1674895 0.8943948 0.5975133 1.0938015 1.0768701 0.6687930 0.0403284 0.6178107 1.0562066 0.7410602 1.0973630 1.3716657 0.4841854 0.5987324 1.1765282 1.1765282 1.1492961 1.3105427 0.7085624 1.2035876 1.1965381 1.2035876 1.1465750 1.1140321 0.6241276 0.4377371 1.0839436 1.2236280 0.5586399 0.8275473 0.5586399 1.1902995 0.5923791 0.7607209 0.6530024 1.2900334 1.2034058 0.7319071 1.0001490 0.6494393 0.6649213 0.6237949 0.6519957 1.5940885 1.3061864 1.1476110 1.0987124 0.6202462 0.4791236 0.4701709 1.1052102 0.4920028 0.6343897 0.2556930 0.8650873 0.5304673 1.3449776 0.6957802 0.5478982 0.6285853 1.1676475 0.7404046 0.9212152 1.0859404 0.9087354 0.5838127 0.5153737 0.5823958 0.5730733 1.3050057 0.7817953 0.7595130 0.6345200 0.7133874 0.0511988 0.2521986 0.5555495 1.1052679 0.8006977 0.1870761 0.7962210 0.4434444 1.2173854 0.1668699 0.5959241 0.5231378 0.5828524 0.7180986 0.1900793 1.1334271 0.5531304 0.7393329 0.6525745 0.5576614 0.6893067 1.2538937 1.2072250 0.6238149 0.1961127 0.6934877 0.6616314 0.6446473 0.5426256 0.4561294 0.6240538 0.8035011 0.8035011 0.6877501 1.1872846 1.3151104 1.2048793 0.2420755 0.2539214 0.6667314 0.0000010 0.7362960 0.7464382 0.7387363 0.7418171 0.7464382 0.7406043 0.7406043 0.7097349 0.5329795 0.4664765 
GCF_000019365.1_ASM1936v1                    0.6448625 1.1441739 0.4922723 0.4767805 0.7169118 0.4713381 0.8829165 1.1747617 1.2327277 0.5750552 0.4338711 1.1585412 0.2420755 0.0000000 0.2470744 0.2351572 0.5554716 1.1902568 0.4487536 0.2395768 1.2584693 0.2390660 0.5533679 0.9226000 0.2390660 0.5342229 1.2365910 0.4633970 0.5540973 0.5323552 0.5401148 0.4713381 0.4964123 0.4893254 0.5380485 0.5490985 0.2544481 0.5887586 1.1253674 1.3522840 0.2522416 0.6332246 0.8975724 0.7253593 0.3848047 0.7059298 0.7360554 0.3848047 0.5891583 0.2449625 0.0922934 1.1223542 1.1950178 0.4187735 1.1154741 1.1214352 0.7174090 0.6085780 1.1950178 0.4150287 0.5044257 0.6828534 0.7294908 1.0888962 0.6731726 0.5894367 0.2470744 1.1835083 1.3366333 0.2522416 0.8036655 1.1998282 0.5285494 1.1058860 1.1284506 1.2720115 1.1203278 0.8513326 0.2700531 1.1991517 0.6148517 1.1042105 0.5947945 1.2327277 0.5551883 0.5551883 0.8033614 1.2445203 0.2183554 0.2855433 0.0886109 0.0818645 0.6321286 1.2720115 0.4685971 1.1609681 0.6828534 1.1788549 1.1880639 0.7495919 0.3900519 0.9783453 0.4630833 1.2826258 0.8439627 0.5468873 1.1864174 1.1434657 0.6136014 0.2351572 0.5461472 0.8835543 0.7211444 1.0754887 1.2279627 0.4179824 0.5251555 1.2641212 1.2641212 1.3119210 1.1994353 0.6374896 1.1921337 1.1956024 1.2000323 1.1182099 1.0888962 0.5929675 0.3948137 1.0822355 1.1944996 0.4824799 0.6381708 0.4824799 1.1633693 0.5462172 0.7345815 0.5653884 1.0818609 1.2890418 0.7188932 0.9783666 0.5571371 0.6081996 0.5573435 0.5853547 1.4770569 1.2912798 1.1350390 1.1026337 0.5540973 0.3980174 0.4049458 1.0985986 0.4071442 0.5460585 0.0961302 0.7871651 0.5113501 1.2482912 0.6454094 0.5255471 0.5668113 1.0657447 0.6271709 0.9039050 1.0532034 0.8941010 0.5232393 0.4694488 0.5220081 0.5121236 1.3590512 0.7331766 0.7306716 0.5539988 0.5901559 0.2473798 0.0881075 0.5154325 1.1609681 0.8041846 0.2453469 0.8041075 0.3939426 1.3258374 0.2427945 0.5323552 0.5002384 0.5875771 0.6615906 0.2456884 1.1585412 0.5048495 0.6684732 0.5811628 0.5284484 0.6354570 1.1547969 1.2440430 0.5566877 0.2160975 0.6030277 0.5618134 0.5643224 0.5151840 0.3680287 0.5554716 0.8189413 0.8189413 0.6172203 1.1535791 1.3001218 1.3828943 0.0000010 0.0947117 0.5701120 0.2420755 0.6294395 0.6422262 0.6432746 0.6283092 0.6422262 0.6371833 0.6371833 0.5872609 0.5042282 0.3763468 
GCF_000019725.1_ASM1972v1                    0.7002189 1.0922793 0.6176657 0.5328811 0.7083558 0.5196782 0.9625039 1.1471996 1.2497815 0.6451081 0.4791161 1.0966013 0.1886682 0.2470744 0.0000000 0.1887391 0.6060223 1.1317278 0.5580001 0.1910212 1.2504575 0.1892218 0.6339205 1.0307192 0.1892218 0.5682788 1.2560716 0.4911108 0.6045413 0.5996302 0.5913853 0.5196782 0.6086678 0.5388478 0.6486570 0.6319428 0.0542297 0.6301477 1.0992882 1.3586740 0.0305575 0.6327341 0.9894717 0.7515672 0.5168395 0.8544538 0.8311312 0.5168395 0.6467546 0.1930054 0.2402165 1.0790243 1.1361617 0.4547889 1.0724463 1.0781150 0.7334068 0.6710033 1.1361617 0.5017461 0.5592928 0.7098095 0.7857592 1.1676014 0.7099155 0.6660928 0.0000010 1.2102233 1.2646412 0.0305575 0.8052312 1.1765087 0.5582679 1.0642668 1.0754751 1.1344035 1.0652232 0.9357330 0.2007821 1.1032833 0.6756867 1.1559183 0.6801211 1.2497815 0.6031499 0.6031499 0.8280850 1.1630292 0.2165586 0.1805799 0.2648895 0.2713286 0.6375983 1.1344035 0.5763320 1.0675323 0.7098095 1.2250567 1.1412504 0.7578144 0.5419623 1.0623624 0.4570033 1.2076158 0.9253801 0.5815188 1.1210355 1.1014442 0.6717085 0.1887391 0.5997963 0.9597017 0.7312618 1.1048636 1.2756146 0.5169524 0.6392307 1.2354978 1.2354978 1.1689195 1.2076715 0.6977021 1.1328182 1.1633215 1.1328182 1.0815166 1.1676014 0.6797066 0.4628149 0.9482715 1.1424676 0.5503508 0.7508196 0.5503508 1.1475396 0.5451444 0.7188679 0.6757922 1.2285162 1.2770283 0.7717309 1.0554224 0.6010240 0.6609784 0.6080906 0.6208103 1.6936914 1.2798335 1.0660906 1.1262421 0.6045413 0.4822071 0.4883910 1.1581860 0.5052541 0.6496803 0.2593096 0.7532131 0.5421354 1.2332729 0.7199701 0.6176739 0.6484720 1.1049201 0.7038447 1.0005269 1.1226058 0.9872463 0.5834987 0.5477471 0.5820565 0.6001546 1.2977842 0.7729630 0.6744406 0.5951648 0.6732967 0.1978428 0.2720921 0.6173155 1.0675323 0.7362940 0.0061700 0.7774679 0.4607577 1.1578792 0.1961877 0.5996302 0.5400462 0.5500735 0.6881379 0.0526127 1.0966013 0.5786650 0.7290886 0.5983477 0.5744382 0.6821865 1.1640156 1.1845138 0.6286012 0.2151016 0.6789634 0.5974149 0.5775337 0.5553411 0.4367748 0.6060223 0.9108034 0.9108034 0.6846587 1.0965133 1.2885289 1.2357127 0.2470744 0.2574800 0.6407930 0.1886682 0.7062545 0.7217072 0.7228501 0.7051765 0.7217072 0.7160242 0.7160242 0.6508344 0.5403385 0.4624802 
GCF_000019945.1_ASM1994v1                    0.7004930 1.1031693 0.5800773 0.4956159 0.7319179 0.5017765 0.9882756 1.1785515 1.2308582 0.6733057 0.4566233 1.1007940 0.0403284 0.2351572 0.1887391 0.0000000 0.6003516 1.1146185 0.5407853 0.0378039 1.2841043 0.0378270 0.5961084 1.0393694 0.0378270 0.5479868 1.2370168 0.4980925 0.5989111 0.5810645 0.5406700 0.5017765 0.5521539 0.5451666 0.5773665 0.6602013 0.1981601 0.5986479 1.1558819 1.2313215 0.1860758 0.6563982 0.8757043 0.7925390 0.4830322 0.7812833 0.8279143 0.4830322 0.6242688 0.0417465 0.2183536 1.0895067 1.1052358 0.4359732 1.0946050 1.0915061 0.7212739 0.6929908 1.1052358 0.4336380 0.5751959 0.7196837 0.8087117 1.1601396 0.6933644 0.6776694 0.1887391 1.2241155 1.2842632 0.1860758 0.8430969 1.1767825 0.5284592 1.0667711 1.0754696 1.1669696 1.1165110 0.9961938 0.0582366 1.1160084 0.6215518 1.2500729 0.6678844 1.2308582 0.6000336 0.6000336 0.8060821 1.1944873 0.1823930 0.1847123 0.2283111 0.2135040 0.6721113 1.1746976 0.5171721 1.1321658 0.7196837 1.3268447 1.1451333 0.7380655 0.4772601 1.1184641 0.4530129 1.1712607 0.8973967 0.5900292 1.0904760 1.0925870 0.6635428 0.0000010 0.5942997 1.0070854 0.7183969 1.1307059 1.2985136 0.4655981 0.5774191 1.1821641 1.1821641 1.1387135 1.2783940 0.6943067 1.1854546 1.1778796 1.1854546 1.1364268 1.1601396 0.6065923 0.4225539 1.0733886 1.1939537 0.5579616 0.7926524 0.5579616 1.1731497 0.5536662 0.7475266 0.6429987 1.3065745 1.2025085 0.7390865 1.0052295 0.6285427 0.6609668 0.6023587 0.6293517 1.5590240 1.3115026 1.1790953 1.1039584 0.5989111 0.4450049 0.4457677 1.1508634 0.4607715 0.5988187 0.2329734 0.8188691 0.5207820 1.3415605 0.7030438 0.5489087 0.6146335 1.1582248 0.7567628 0.8971920 1.0735570 0.8775249 0.5266966 0.5095535 0.5254671 0.5492550 1.2765070 0.7738482 0.7373570 0.6241031 0.6909165 0.0566103 0.2182249 0.5566155 1.1321658 0.8046927 0.1905844 0.7512789 0.4281496 1.1518419 0.1559300 0.5810645 0.5112745 0.5459104 0.7031923 0.1837695 1.1007940 0.5195058 0.7148732 0.6294338 0.5350434 0.6550320 1.2235501 1.2075915 0.5958351 0.1852530 0.6890300 0.6454848 0.6211437 0.5328455 0.4378487 0.6003516 0.8124447 0.8124447 0.6671471 1.1147872 1.3204464 1.1978148 0.2351572 0.2312371 0.6647701 0.0403284 0.7525408 0.7629760 0.7550433 0.7582301 0.7629760 0.7569561 0.7569561 0.7051026 0.5151118 0.4507215 
GCF_000020445.1_ASM2044v1                    0.6813444 1.1429566 0.5052390 0.6275059 0.8679082 0.5134567 0.8902525 1.0460693 1.2729010 0.5329085 0.4113472 1.1401106 0.6240538 0.5554716 0.6060223 0.6003516 0.0000000 1.1708429 0.5144069 0.6210849 1.0799625 0.6201613 0.4903564 0.8887702 0.6201613 0.6156344 1.2928387 0.4978562 0.0046847 0.4738979 0.4873041 0.5134567 0.4898991 0.4586994 0.2136729 0.5282412 0.6260242 0.6302871 1.1038975 1.3364037 0.6098992 0.6466793 0.9492308 0.7851936 0.4343749 0.8039000 0.7797408 0.4343749 0.5193085 0.6284212 0.5591697 0.9904997 1.1609682 0.3959903 0.9862309 0.9840667 0.7144661 0.7239478 1.1609682 0.3923196 0.4246040 0.7542009 0.7711771 1.1806178 0.7060092 0.7217614 0.6060223 1.0667088 1.1332973 0.6098992 0.7523400 1.2732552 0.5917545 0.9797030 1.0618900 1.2948022 1.1050028 0.8742199 0.6281528 1.1323247 0.6174533 1.0718565 0.6913241 1.2729010 0.0034959 0.0034959 0.7925900 1.2257032 0.6013001 0.6570761 0.5952932 0.5880908 0.7074315 1.2948022 0.4536500 1.1286369 0.7542009 1.1795384 1.1125408 0.7427951 0.4652594 0.9035474 0.3982676 1.2805282 0.9881109 0.6078024 1.1528562 1.2220811 0.6858140 0.6003516 0.0082319 0.8604771 0.8026057 1.2373956 1.3131101 0.4248170 0.2050142 1.2746318 1.2746318 1.2173641 1.2167486 0.7093121 1.3975494 1.3510999 1.3873598 1.1383640 1.1806178 0.5177828 0.5260573 1.1630428 1.2764034 0.4189129 0.7828358 0.4189129 1.1889285 0.5924559 0.7489453 0.5591796 1.1764357 1.2055471 0.7863013 0.9209169 0.6151322 0.6777787 0.0023291 0.6790150 1.4349672 1.1480268 1.1075419 1.1975620 0.0046847 0.4159513 0.4237493 1.1845804 0.4231784 0.2206307 0.5698125 0.8073319 0.5980939 1.1610072 0.7423778 0.5047546 0.5176951 1.2900301 0.6892545 0.9475719 1.1793067 0.9231143 0.5714211 0.3745360 0.5639766 0.5779781 1.1617678 0.7396102 0.7675976 0.6086212 0.5512226 0.6280585 0.5911871 0.4949067 1.1286369 0.7685607 0.6232679 0.7735029 0.5226952 1.1724296 0.5724118 0.4738979 0.4613699 0.4768014 0.7552111 0.6129762 1.1401106 0.4835357 0.7488035 0.6562285 0.6096978 0.6704051 1.1108918 1.0576268 0.5131767 0.6041565 0.6922159 0.6177420 0.6460839 0.6010672 0.4308180 0.0000010 0.7443541 0.7443541 0.6889456 1.3054140 1.1555126 1.1893032 0.5554716 0.5706751 0.5888967 0.6240538 0.6823898 0.6798616 0.6928763 0.6856734 0.6798616 0.6827198 0.6827198 0.5475331 0.4338822 0.4142644 
