220
GCA_011765465.1_ASM1176546v1                 0.0000000 0.7931588 0.5490142 0.7102901 0.3264424 0.5987492 0.7602264 0.7999450 0.8237882 0.8493490 0.6330711 0.6369453 0.8846052 0.8669142 0.7724232 0.7492676 0.9818569 1.1800385 0.9248549 0.6702522 0.8357932 0.9875209 0.8057860 0.8163771 0.7492676 0.9207180 0.6538762 0.5987492 0.6690892 0.6822436 0.8321328 0.6930635 0.6152557 0.9330144 0.8039314 0.7066507 0.7468806 1.0624353 0.7706417 0.6619253 1.0532058 0.2590503 0.6008819 1.0129817 1.0219111 0.6008819 0.9211990 0.7917129 0.6891182 0.9818569 0.5698665 0.6891182 0.4028124 0.1840949 0.7623444 0.8557235 0.4407976 0.8419456 1.1745356 0.0608106 0.1573428 0.7805758 1.1500000 1.0599415 0.7587755 0.8180136 0.8482106 1.0605032 0.6762008 0.6985235 0.8932628 0.9182625 0.7405445 0.9762569 0.6462097 1.1279529 0.1546986 0.8237882 0.7485350 0.7613114 0.9715270 0.9891604 0.9499785 0.8716844 0.7976028 0.8579767 0.7706417 0.1502736 0.8923415 0.9283306 0.9795874 0.4476238 0.8428590 0.9355617 1.2287162 0.6026091 1.0856735 0.7355588 0.9544791 0.9412637 0.7130403 1.1750588 0.1613816 0.7625180 0.8092748 0.3967221 0.7140847 1.0670187 0.9906873 0.7630626 0.8276209 1.0498653 1.0498653 0.8262714 0.9897681 0.1653416 0.7919997 0.7379867 0.7919997 1.1620752 1.1857490 0.6177954 0.8702305 0.3662335 0.8055771 0.8833804 0.6897306 0.8833804 0.9662874 0.6024998 0.3175844 0.6988538 0.8516204 0.7977689 0.8593808 1.0257335 0.6290913 0.3931568 0.7592265 0.6879269 0.9423568 0.9490673 0.9729702 0.7433968 0.7485382 0.7031312 1.1735971 0.7072170 0.8164470 0.9045951 0.4551266 0.9942216 1.0573260 0.1458479 0.6676610 0.6543775 0.7600752 0.8055688 1.0532058 0.7453516 1.1229650 0.7181356 0.7644293 0.7710528 0.7243232 1.1262919 0.1485583 0.9905220 0.6434038 0.9071806 0.8612868 0.6516186 0.9795874 0.7907881 0.7713854 0.5330289 0.7730318 0.9895787 0.8657192 1.0291426 0.7908987 0.9198364 0.9802172 0.8709636 0.5296288 0.8846052 0.8135759 0.1228284 0.7159213 0.6137114 0.4691698 1.2154023 1.1261958 0.7657913 0.7485350 0.8814840 0.1580703 0.6467519 0.6903483 0.7841137 0.9299306 0.8424306 0.8944701 0.8944701 0.1563601 0.9055848 0.9656988 1.1230358 0.7587755 0.8669142 0.8601039 1.0928441 0.8470271 0.7828279 0.7828279 0.7978988 0.8075439 0.8075439 0.8658299 0.7071930 
GCA_015693905.1_ASM1569390v1                 0.7931588 0.0000000 0.8934958 0.9417994 1.0598151 0.6101593 0.7541927 0.3361612 0.3525349 0.7300408 0.6856989 0.6496729 0.4354667 0.7628017 0.7141271 0.7492538 0.3471519 0.8408359 0.3984120 0.8006607 0.7202794 0.6586680 0.3355973 0.8165752 0.7492538 0.7343924 0.7361476 0.6101593 0.6847808 0.6758130 0.7150931 0.5833665 0.8343338 0.7351542 0.7637669 0.9792191 0.2895762 0.5584272 0.7205598 0.8906727 1.1194682 0.8635524 0.5825701 0.8367559 0.8308554 0.5825701 0.9382831 0.7646823 0.3460730 0.3471519 0.6080820 0.3460730 0.9410067 0.7525212 0.5870943 0.6784333 0.7013923 0.5808518 1.0479233 0.8498485 0.7558892 0.7016523 0.3707322 0.4401565 0.7160106 0.8412616 0.2833671 0.6793575 0.3195816 0.3874123 0.4926440 0.3409464 0.7244679 0.3367162 0.7720260 0.9190824 0.7659386 0.3525349 0.7446607 0.7446607 0.8852343 0.2744693 0.7101057 0.8593894 0.7120854 0.7498782 0.7205598 0.8397333 0.4921349 0.8204777 0.3380626 0.6752470 0.7936107 0.3068277 0.7313232 0.5731238 0.9236930 0.7011073 0.3459206 0.6255540 0.8915290 1.0163508 0.7441868 0.7496737 0.7194982 1.1456652 0.8016262 0.8365128 0.4124949 0.7835470 0.7234416 0.3917400 0.3917400 0.4124848 0.5189693 0.6887488 0.3290080 0.3417747 0.3290080 0.5519876 1.0470432 0.7755978 0.8330196 0.8174185 0.3948092 0.7010986 0.7018419 0.7010986 0.4182701 0.9029088 0.9433414 0.8103831 0.7985605 0.3483275 0.6715303 1.0508314 0.9026998 0.7123375 0.7735246 0.8257106 0.8269128 0.4159378 0.3765360 0.3972661 0.8290789 0.7310632 1.0585493 0.7869853 0.7350082 0.8516588 0.8480979 0.7210477 0.4543333 0.8771813 0.7668583 0.7723145 0.8186072 0.7051117 1.1194682 0.8494582 1.1568103 0.8551122 0.6481641 0.8866053 0.7060095 0.4096651 0.8080974 0.6992437 0.7886493 0.7294774 0.7381487 0.7390962 0.3380626 0.7745901 0.7412785 0.9238513 0.7052850 0.3419944 0.8706504 0.4314841 0.7018296 0.7304968 0.7595992 0.7539037 0.9390677 0.4354667 0.7519138 0.7877908 0.9188603 1.0164116 0.7681345 0.4487172 0.4891989 0.9295561 0.7446607 0.7215227 0.8315636 0.9868259 0.9378931 0.8381650 0.6977136 0.8537989 0.9969772 0.9969772 0.7036718 0.4584663 0.4159378 0.4374931 0.7160106 0.7628017 0.7484959 1.0079041 0.7914712 0.7317365 0.7317365 0.7098304 0.7554043 0.7554043 0.7327253 0.6862341 
GCA_016745215.1_scaff03                      0.5490142 0.8934958 0.0000000 0.5880460 0.6563295 0.4988455 0.3839740 0.7467262 0.7846741 0.5226364 0.4162111 0.4304640 0.7178894 0.6628884 0.5651143 0.3770800 0.8136818 0.6354451 0.7398861 0.3426956 0.5297862 0.7656211 0.7652475 0.5008510 0.3770800 0.7974573 0.2805092 0.4988455 0.3149684 0.3068921 0.4279810 0.4203057 0.1927442 0.5716772 0.5950991 0.6448027 0.7080054 0.9108958 0.5130130 0.6970825 0.6783613 0.6278203 0.3904857 0.6726508 0.7665448 0.3904857 0.6539166 0.6897070 0.8161570 0.8136818 0.3413337 0.8161570 0.7708714 0.7633809 0.4098218 0.3934867 0.5520192 0.5488024 1.0888268 0.5801632 0.6783400 0.5743445 0.9600731 0.9117443 0.5055172 0.6516516 0.6785532 0.7794817 0.8114326 0.7434691 0.7715839 0.7754972 0.4208790 0.8471826 0.2990344 0.9740171 0.7433222 0.7846741 0.3778643 0.3842132 0.6560270 0.8014228 0.7042131 0.5760954 0.6492800 0.6901147 0.5130130 0.6111041 0.7707737 0.6034492 0.8373997 0.5335724 0.5246697 0.7572412 0.9008073 0.3823603 0.6121606 0.3770485 0.8048532 0.6796720 0.6066333 0.9015261 0.7253631 0.3835075 0.4201686 0.7061393 0.5193469 1.0353336 0.7111232 0.3553721 0.4330136 0.8380705 0.8380705 0.8528667 0.8731194 0.6829638 0.7943882 0.7690645 0.7943882 1.0255872 1.0800237 0.3213408 0.5261943 0.6538865 0.7921154 0.4333424 0.8683502 0.4333424 0.9715470 0.7831360 0.6876308 0.3634367 0.4444779 0.7928106 0.6889333 0.8110050 0.6533955 0.5033725 0.3815759 0.6314186 0.7183796 0.7556563 0.8031784 0.6391754 0.4008047 0.3426118 1.0690128 0.3606810 0.4314921 0.7661645 0.6654628 0.7512398 1.0345012 0.6171885 0.2940883 0.3324332 0.5362517 0.5955834 0.6783613 0.5508851 0.6861247 0.5880314 0.4323601 0.5974058 0.4673800 0.7901731 0.6162004 0.6281127 0.8040339 0.5535346 0.6912833 0.3029484 0.8373997 0.5056987 0.5363388 0.6947005 0.5687355 0.8370593 0.5391790 0.8331187 0.6307492 0.8114015 0.5176578 0.5745709 0.5731137 0.7178894 0.4113489 0.6424552 0.6770558 0.8040341 0.5891835 0.8734417 0.9235031 0.6201676 0.3778643 0.6780772 0.6583129 0.6781166 0.6733508 0.5528206 0.7304277 0.5832173 0.9029388 0.9029388 0.7244434 0.7849504 0.7683445 0.8937514 0.5055172 0.6628884 0.6930343 0.6753144 0.5941353 0.5437368 0.5437368 0.5898138 0.5605339 0.5605339 0.5442978 0.3684239 
GCA_019285715.1_ASM1928571v1                 0.7102901 0.9417994 0.5880460 0.0000000 0.5622533 0.6853653 0.5062408 0.9045705 0.8702815 0.5898246 0.6614996 0.4254933 0.8200276 0.6814712 0.7274296 0.5338121 0.8912924 0.9477856 1.1908516 0.7474576 0.5908594 0.5269693 0.8268909 0.6171399 0.5338121 0.6761284 0.7516727 0.6853653 0.7254399 0.5686082 0.5262714 0.5384024 0.6149570 0.6205442 0.7477754 0.4366403 0.8951276 1.1087004 0.7177434 0.4123164 1.1295910 0.5233125 0.6328529 0.8172326 0.9923677 0.6328529 0.7423189 0.6704567 0.9170150 0.8912924 0.6718983 0.9170150 0.6096603 0.7192301 0.5643006 0.6749718 0.4677122 0.7888631 1.0052122 0.6773532 0.6863710 0.7255033 1.0053748 1.1212317 0.7058961 0.8847531 0.7959576 0.5787912 0.8442347 1.0239244 0.7759127 0.9797567 0.4944981 0.8690167 0.6326882 0.9938096 0.7617616 0.8702815 0.5435733 0.5348198 0.9564753 0.9390563 0.7201287 0.7014941 0.6468520 0.6724269 0.7177434 0.6334920 0.7867711 0.7915251 0.9083949 0.4684290 0.7531357 0.8962638 0.9663923 0.6412121 0.7298939 0.5078152 0.8818174 0.7624738 0.3737957 0.8905515 0.7279752 0.5252059 0.5336465 0.5490151 0.7515272 0.8961324 1.0316626 0.5638849 0.5303902 0.9010859 0.9010859 0.8396340 1.1317667 0.7372079 1.0702832 1.0860944 1.0702832 1.3044150 1.0255613 0.7051839 0.6982886 0.4838060 0.9222082 0.6363132 0.5222951 0.6363132 0.9511955 0.3506732 0.5448620 0.6974468 0.6594580 0.9400468 0.6799464 1.2075990 0.3650659 0.3681336 0.5505001 0.4234193 0.6560103 1.1777689 0.8896028 0.7691913 0.5509210 0.5327111 1.0153237 0.5259296 0.5559096 0.7041544 0.5131773 0.5663980 1.1495089 0.6049418 0.7445707 0.7186496 1.0057340 0.7751963 1.1295910 1.0715935 1.1445903 0.3656425 0.5201188 0.3795026 0.4834432 1.1034467 0.6701217 0.6584596 0.3612967 0.6093158 0.7056959 0.7037750 0.9083949 0.7697077 0.6929906 0.6595636 0.7185031 0.8986675 0.7701942 0.7985350 0.7227646 0.6696580 0.7390025 0.9348143 0.6362699 0.8200276 0.5580348 0.6878865 0.4153475 0.4735170 0.3977803 0.9164735 1.1239748 0.6998447 0.5435733 0.8531679 0.6430771 0.3588188 0.4144100 0.8608482 0.5289030 0.7045219 1.0364142 1.0364142 0.7113572 0.8234558 1.2000072 0.8881155 0.7058961 0.6814712 0.6498614 0.6661015 0.8368782 0.7724746 0.7724746 0.7676358 0.7974831 0.7974831 0.5860995 0.5184746 
GCA_019739335.1_ASM1973933v1                 0.3264424 1.0598151 0.6563295 0.5622533 0.0000000 0.6580667 0.5884415 0.9233128 0.8310659 0.6578355 0.8048712 0.5008504 0.9096749 0.7380372 0.7273174 0.5704979 1.0088263 0.8826340 0.8725923 0.5887301 0.6727254 0.6357301 0.8176895 0.6874105 0.5704979 0.6962034 0.6862861 0.6580667 0.6689423 0.5186956 0.6490972 0.5620053 0.6359436 0.7488106 0.7811782 0.4601212 0.8646692 1.1286150 0.7614383 0.5102942 0.9866540 0.2852390 0.5311472 0.9298781 0.8629305 0.5311472 0.7133766 0.6707515 1.0398618 1.0088263 0.5299502 1.0398618 0.2765877 0.3245587 0.6090402 0.7238038 0.3463615 0.7627046 1.2878060 0.3369017 0.2760343 0.7231799 1.1317015 1.0793228 0.7502451 0.8518897 0.9213482 0.6469917 0.9496916 0.9561120 0.8536158 1.0422716 0.6347509 1.0523906 0.5989363 1.2424477 0.2886587 0.8310659 0.5809670 0.5809670 0.8606026 0.9603355 0.8949263 0.7933472 0.5987266 0.6239706 0.7614383 0.2603512 0.8651621 0.7549304 1.0346055 0.3516083 0.7254632 0.9340144 1.1004662 0.5428001 0.8306003 0.5531797 1.0830517 0.7950408 0.4523735 1.3408717 0.3389365 0.5801622 0.6347023 0.1923188 0.7497611 1.2041338 0.8801513 0.6112671 0.6563692 1.1114885 1.1114885 1.0564571 1.1377284 0.3229690 0.8645517 0.7871493 0.8645517 1.2298954 1.3153992 0.6200661 0.7489915 0.2550965 0.9667201 0.7832826 0.5276142 0.7832826 1.1225258 0.5370134 0.2326563 0.7251584 0.7758251 0.8609014 0.6798920 1.0244278 0.4255573 0.3260812 0.5880818 0.5502804 0.7730193 0.9208060 0.9976512 0.7813619 0.5849017 0.5958194 1.3014988 0.5990456 0.6605900 0.7992465 0.3736306 0.7070645 1.1622177 0.2291330 0.7410934 0.5804820 0.7949149 0.8737690 0.9866540 0.8002607 0.9987323 0.6871993 0.5875260 0.6937878 0.5360390 1.0640652 0.2995928 0.7722630 0.4937829 0.7178769 0.6113230 0.6917758 1.0346055 0.6463627 0.7018460 0.4612684 0.7162155 1.0450444 0.7362127 0.9472665 0.7413970 0.7059172 0.8431185 0.8776596 0.4249003 0.9096749 0.6127077 0.2917372 0.5906458 0.4084947 0.4316933 1.0652968 1.2567211 0.6505089 0.5809670 0.8144035 0.2865446 0.4642597 0.5696270 0.6421938 0.6780430 0.7710371 0.9702413 0.9702413 0.3319684 0.8909608 0.9368834 0.9857460 0.7502451 0.7380372 0.7308113 0.9304196 0.9066847 0.8486420 0.8486420 0.8653972 0.8757894 0.8757894 0.7111348 0.5709366 
GCF_000013085.1_ASM1308v1                    0.5987492 0.6101593 0.4988455 0.6853653 0.6580667 0.0000000 0.4249013 0.5974438 0.5361836 0.4444704 0.4842370 0.3976600 0.5589771 0.5024070 0.5408716 0.3630514 0.6492105 0.8633542 0.6285088 0.4604670 0.4379331 0.6718957 0.5248731 0.5113210 0.3630514 0.7109559 0.4616815 0.0000010 0.4601126 0.3921409 0.3703583 0.3163177 0.4164187 0.4435668 0.4795604 0.6394668 0.5115926 0.9065760 0.4817975 0.6187766 0.8485250 0.5634851 0.3119702 0.5996401 0.6070769 0.3119702 0.7760855 0.5005498 0.5676949 0.6492105 0.4196634 0.5676949 0.6968054 0.6476980 0.3823925 0.4845342 0.6908527 0.5019155 0.9414727 0.5731707 0.6649462 0.5296084 0.6661157 0.7755966 0.4746499 0.6032155 0.5717403 0.6605631 0.5604809 0.5836515 0.6151240 0.6527026 0.3558357 0.6499454 0.4718061 0.9401484 0.5721543 0.5361836 0.3511061 0.3572071 0.7503787 0.6705808 0.5056282 0.4663085 0.4683551 0.4890550 0.4817975 0.6050354 0.6144742 0.5984344 0.6630742 0.6458625 0.5732787 0.6208131 0.7846170 0.3162681 0.6079901 0.4091930 0.5383859 0.6487992 0.6035042 0.9138779 0.6311620 0.3508905 0.3622500 0.7031031 0.5494987 0.8484556 0.6696848 0.4748572 0.3683357 0.7509355 0.7509355 0.6769480 0.6918873 0.7130857 0.6398814 0.5983238 0.6398814 0.8293129 0.9606081 0.4525776 0.5906065 0.5431839 0.5476904 0.5150608 0.6160947 0.5150608 0.7298627 0.7705223 0.6799910 0.5178894 0.5550294 0.6026989 0.6923183 0.8644386 0.6016962 0.5961883 0.3504088 0.7157066 0.6914790 0.6636542 0.5351755 0.5101156 0.4549424 0.4417063 0.9509834 0.4594546 0.3781314 0.5683609 0.6148280 0.6995763 0.8585559 0.5690806 0.4836160 0.4541486 0.7277095 0.7650477 0.8485250 0.7313883 0.8839753 0.5725210 0.4063124 0.6412703 0.4689773 0.6414428 0.6576767 0.6326946 0.7828237 0.4504081 0.4713749 0.4954439 0.6630742 0.4572100 0.4821714 0.6389913 0.5324013 0.6696338 0.6300485 0.7570304 0.4321589 0.7154051 0.6141137 0.5360358 0.7220955 0.5589771 0.5311566 0.6435792 0.7686242 0.7094719 0.6904261 0.6813563 0.7730757 0.6826931 0.3511061 0.4904868 0.5987528 0.6686391 0.7775307 0.5535099 0.7033273 0.5686608 0.7306501 0.7306501 0.6011711 0.6156382 0.6529372 0.6643507 0.4746499 0.5024070 0.5188468 0.6872421 0.7384641 0.7295594 0.7295594 0.7576049 0.7528890 0.7528890 0.4434583 0.3859664 
GCF_000013365.1_ASM1336v1                    0.7602264 0.7541927 0.3839740 0.5062408 0.5884415 0.4249013 0.0000000 0.6836759 0.6311308 0.2896727 0.5906022 0.2341058 0.6302044 0.5408484 0.4315360 0.0358313 0.7840703 0.5881845 0.6464223 0.3838811 0.2905597 0.5632304 0.6269295 0.4445265 0.0358313 0.5366990 0.3711214 0.4249013 0.3898339 0.2794316 0.1269087 0.3760598 0.3228940 0.3092329 0.4510696 0.6298547 0.6714829 0.7279249 0.4306349 0.6521902 0.7161051 0.6195624 0.2294367 0.8425575 0.7804106 0.2294367 0.5666469 0.4432151 0.7430734 0.7840703 0.2832884 0.7430734 0.6736331 0.8599357 0.3081541 0.3241954 0.4957408 0.4938182 0.9480359 0.6678106 0.7018630 0.4302503 0.8390534 0.8913895 0.4237740 0.8054874 0.5905202 0.5743886 0.6811007 0.7287190 0.7498184 0.7378538 0.1474455 0.7927370 0.4307322 0.9216104 0.7808248 0.6311308 0.0426709 0.0403231 0.6779113 0.7391108 0.4761927 0.5315737 0.4919453 0.4679099 0.4306349 0.7292640 0.7602101 0.5467110 0.8091599 0.4689664 0.4387561 0.6860423 0.6837445 0.2286929 0.3578083 0.3108479 0.7314373 0.5397248 0.5441333 0.7811077 0.7963938 0.0335455 0.1361472 0.6281432 0.4866524 0.8751990 0.6581839 0.3787550 0.1327521 0.8539236 0.8539236 0.8596872 0.7636225 0.7572663 0.7030015 0.7082252 0.7030015 0.9386364 0.9531705 0.4098635 0.4498840 0.6038919 0.6673126 0.3447772 0.7117410 0.3447772 0.9357464 0.7091319 0.6869397 0.4765334 0.4359507 0.6962962 0.6264566 0.7409125 0.6214150 0.4930675 0.0403873 0.5595883 0.6923836 0.6813919 0.6137410 0.5037543 0.3787457 0.3435606 0.9437771 0.3721728 0.1379563 0.4808368 0.5787568 0.5527105 1.0049697 0.6343914 0.4066860 0.3778860 0.6217686 0.7018001 0.7161051 0.6535835 0.7450017 0.6161754 0.3800399 0.6014640 0.4651677 0.6947160 0.8010894 0.6009380 0.6668679 0.3045677 0.4678266 0.4121192 0.8091599 0.5286696 0.4137861 0.6767445 0.4257454 0.8005547 0.4346755 0.8308196 0.4210456 0.5397950 0.4262594 0.5251395 0.6378766 0.6302044 0.4098061 0.8058187 0.6225037 0.7236345 0.6006546 0.7581967 0.8740585 0.5246005 0.0426709 0.4719095 0.6951459 0.6220422 0.6246878 0.6379425 0.5315720 0.5617868 0.6194209 0.6194209 0.7671012 0.6945900 0.6928062 0.7830994 0.4237740 0.5408484 0.4542779 0.6013379 0.6876915 0.6596131 0.6596131 0.6949293 0.6805772 0.6805772 0.2799731 0.2713270 
GCF_000013565.1_ASM1356v1                    0.7999450 0.3361612 0.7467262 0.9045705 0.9233128 0.5974438 0.6836759 0.0000000 0.3638242 0.6887548 0.7190272 0.5883533 0.3307026 0.6500599 0.8265384 0.6447081 0.4221058 0.9671700 0.4275520 0.7342645 0.6845043 0.7931721 0.3699169 0.7556484 0.6447081 0.7408761 0.6888578 0.5974438 0.6677005 0.6155700 0.6837939 0.5917426 0.7107725 0.7079489 0.7849484 1.0611097 0.2239992 0.4473499 0.7503127 1.1328260 1.0255270 0.7323232 0.6310454 0.8869586 0.8434456 0.6310454 0.8795026 0.6639476 0.3091576 0.4221058 0.6564869 0.3091576 0.9734998 0.6690342 0.5693925 0.7161701 0.8017090 0.6881326 1.1064562 0.8127575 0.6744366 0.8230476 0.4069971 0.4651356 0.7455283 0.8404218 0.3651492 0.8276280 0.2788472 0.2733012 0.4126402 0.4053000 0.6664150 0.4080404 0.7493499 0.9266900 0.7261971 0.3638242 0.6785240 0.6675349 0.8798207 0.4087052 0.7057231 0.8294984 0.6300633 0.6970152 0.7503127 0.7597578 0.4122252 0.9569181 0.4156901 0.7801424 0.6858469 0.4101839 0.7671978 0.6526993 0.9876710 0.6052667 0.3999101 0.7139218 0.9608336 0.9091728 0.7534929 0.6556112 0.6827669 0.9725867 0.8014452 0.9043736 0.4981759 0.7366088 0.7032357 0.4568819 0.4568819 0.4266496 0.5747973 0.6679578 0.3707435 0.3886624 0.3707435 0.6010753 1.1297518 0.7253476 0.7378143 0.8241144 0.4904894 0.7600654 0.7431844 0.7600654 0.3895698 1.0525843 0.9602805 0.7001535 0.7567870 0.3758683 0.7433939 1.0606148 1.0646808 0.7754269 0.6650690 0.9063801 0.7389338 0.4450963 0.3014541 0.3835991 0.7726450 0.6807966 1.1180254 0.7485502 0.7236891 0.7182896 0.9149884 0.8595513 0.4556272 0.7391802 0.7260337 0.7160891 1.0876497 0.7442333 1.0255270 1.0608974 1.0193050 0.7186335 0.6504865 0.7851960 0.7822725 0.4565020 0.7609674 0.7052243 0.9947934 0.7077643 0.6985541 0.7606905 0.4156901 0.7839167 0.7466241 0.9022829 0.8273105 0.4159225 0.7715645 0.4499192 0.6255452 0.7447025 0.7386087 0.7394509 0.9235005 0.3307026 0.7383455 0.7440362 1.0190529 1.0801450 0.7682628 0.4113333 0.4604806 0.8010022 0.6785240 0.6886513 0.6853926 1.0804434 1.0148355 0.8968571 0.8351999 0.7891373 0.9683159 0.9683159 0.6770622 0.4713487 0.4377553 0.4559222 0.7455283 0.6500599 0.6909685 0.9498431 0.7379195 0.7636534 0.7636534 0.7369465 0.7883239 0.7883239 0.7182566 0.6660271 
GCF_000014045.1_ASM1404v1                    0.8237882 0.3525349 0.7846741 0.8702815 0.8310659 0.5361836 0.6311308 0.3638242 0.0000000 0.7101488 0.7503663 0.7063641 0.2954843 0.6628678 0.7566731 0.6226432 0.2326148 0.9849529 0.3837033 0.7220361 0.6839171 0.8293789 0.0212557 0.7188198 0.6226432 0.7534387 0.7184342 0.5361836 0.7174029 0.6512914 0.6675037 0.5908016 0.7823179 0.7285642 0.7574619 0.9986993 0.3794406 0.4732083 0.8140378 0.9809446 1.0058129 0.6373242 0.6039140 0.8754185 0.8615976 0.6039140 0.9043214 0.7277207 0.2978293 0.2326148 0.7237393 0.2978293 1.0512077 0.7191392 0.4917279 0.6949427 0.7947740 0.7176950 1.2733238 0.7154218 0.7572391 0.7411805 0.3558812 0.3413335 0.8089326 0.8011274 0.1721970 0.8164100 0.3129288 0.3049044 0.3347781 0.2900283 0.6278308 0.2208642 0.8118476 1.1944498 0.7469218 0.0000010 0.6296662 0.6196696 0.8781556 0.2569392 0.7802767 0.7807918 0.6325672 0.6364101 0.8140378 0.7799059 0.3398056 0.8446810 0.2357905 0.7543334 0.6876739 0.2753567 0.8552753 0.6382069 0.8771924 0.6034676 0.2427707 0.7602342 0.9022815 1.1513226 0.7969468 0.6329734 0.6808223 0.9956784 0.8791772 1.1826922 0.3091129 0.7275313 0.6863498 0.3898832 0.3898832 0.3387274 0.4337700 0.7769658 0.3043036 0.2695715 0.3043036 0.4919602 1.2902580 0.7215800 0.6829010 0.7237443 0.3382369 0.8241448 0.7822979 0.8241448 0.3398205 1.0252034 0.9590862 0.7500528 0.9070324 0.1246925 0.7284577 1.1596578 0.9239938 0.7815014 0.6419245 0.8114629 0.8582434 0.4081747 0.3056506 0.2734134 0.7477496 0.6788547 1.2766909 0.6822330 0.6794154 0.8187661 0.8476376 0.8668114 0.4171765 0.7773387 0.7591843 0.7113600 1.3225219 0.8455951 1.0058129 1.2714309 1.0134272 0.7666751 0.6729686 0.8269766 0.7580927 0.3544060 0.8030590 0.8244612 0.9384600 0.7075350 0.6375170 0.7795169 0.2357905 0.6713985 0.7491669 1.0952961 0.7450032 0.2390603 0.7389234 0.4154404 0.7452029 0.7581763 0.8919389 0.8226577 0.8695011 0.2954843 0.6910081 0.7777985 0.8891304 1.0177255 0.7073847 0.4123493 0.3493035 0.7541856 0.6296662 0.7536714 0.7358619 0.9739647 0.8830838 0.7355800 0.8337469 0.8596430 1.0150471 1.0150471 0.7528493 0.3012356 0.4150274 0.4011049 0.8089326 0.6628678 0.7583577 0.9235960 0.8556115 0.8266030 0.8266030 0.8373066 0.8534780 0.8534780 0.7079833 0.6755300 
GCF_000015165.1_ASM1516v1                    0.8493490 0.7300408 0.5226364 0.5898246 0.6578355 0.4444704 0.2896727 0.6887548 0.7101488 0.0000000 0.5225556 0.2866684 0.6140779 0.4819231 0.4258641 0.2625135 0.6797100 0.6035167 0.7244859 0.4929137 0.0162757 0.6543258 0.7045343 0.5791558 0.2625135 0.4703630 0.4732387 0.4444704 0.4796337 0.3167717 0.2681867 0.3851624 0.4468084 0.0384867 0.4091028 0.6360111 0.7247994 0.6663685 0.3998370 0.5852383 0.6405486 0.6283398 0.2799381 0.5588748 0.6286971 0.2799381 0.6682174 0.4174306 0.7835955 0.6797100 0.3488669 0.7835955 0.7750022 0.8113347 0.3145418 0.4733801 0.5356391 0.4777884 0.9464441 0.8109042 0.7870011 0.4245815 0.7410865 0.8763676 0.4112463 0.7248686 0.6362297 0.6657779 0.7349032 0.7639746 0.7955029 0.6848841 0.2843298 0.6778778 0.5040177 0.9652491 0.7677730 0.7101488 0.2620630 0.2572867 0.5662718 0.6657030 0.4605321 0.4869540 0.4639385 0.4692402 0.3998370 0.7055632 0.7946624 0.5243487 0.6900525 0.5239495 0.4581068 0.7311304 0.7684351 0.2582775 0.3094504 0.3958922 0.7735645 0.6751501 0.5359485 0.9756382 0.7771584 0.2577247 0.2665256 0.7293698 0.4983513 0.8507113 0.7713126 0.3786882 0.2736363 0.8597579 0.8597579 0.7522692 0.6947958 0.7932264 0.7597136 0.7231952 0.7597136 0.8950311 0.9657870 0.4981475 0.4571975 0.6034681 0.7289299 0.4974720 0.6745306 0.4974720 0.8214156 0.6526210 0.7690299 0.4909099 0.4846407 0.7585565 0.7525584 0.6227977 0.5856113 0.6308030 0.2717091 0.5526710 0.5447352 0.6985091 0.5978869 0.5909073 0.3703869 0.3710289 0.9560570 0.3873902 0.2915986 0.4699115 0.6691740 0.7008898 0.9000638 0.6799537 0.5035287 0.4856478 0.6289427 0.5848554 0.6405486 0.6323037 0.6545823 0.5065755 0.4043440 0.5245119 0.5223179 0.6849254 0.8529418 0.6659926 0.6055733 0.0315226 0.4836086 0.5160571 0.6900525 0.4495037 0.3857408 0.8201478 0.4200714 0.6968221 0.4852105 0.6994175 0.3948563 0.4731862 0.4450520 0.5035188 0.6791976 0.6140779 0.3375180 0.7944926 0.5438586 0.6680654 0.5585541 0.7891840 0.7923009 0.6557159 0.2620630 0.5161113 0.7524313 0.5489790 0.5297945 0.5313061 0.6901359 0.5939466 0.7704926 0.7704926 0.7743141 0.7365144 0.7103907 0.7042849 0.4112463 0.4819231 0.4460095 0.5915035 0.5970081 0.5624183 0.5624183 0.5791679 0.5798249 0.5798249 0.0271659 0.3210241 
GCF_000015585.1_ASM1558v1                    0.6330711 0.6856989 0.4162111 0.6614996 0.8048712 0.4842370 0.5906022 0.7190272 0.7503663 0.5225556 0.0000000 0.5229529 0.6385439 0.6318292 0.6257199 0.5672285 0.6552478 0.7681607 0.6966169 0.4976075 0.5394808 0.7299219 0.7396018 0.5974358 0.5672285 0.6801479 0.4385937 0.4842370 0.4755096 0.5380881 0.5437947 0.4199172 0.4240751 0.5480039 0.6306564 0.7990717 0.6721589 0.7734773 0.5525552 0.6964340 0.7982178 0.6512522 0.4470839 0.8299624 0.9767174 0.4470839 0.7676632 0.6741226 0.6596827 0.6552478 0.4250282 0.6596827 0.7690546 0.8133432 0.4341523 0.5748444 0.6505376 0.7252194 1.0198619 0.6841481 0.7163195 0.6022366 0.7902256 0.9266337 0.5484676 0.6159327 0.6578150 0.7219920 0.6544681 0.7114981 0.7761509 0.7719257 0.5069888 0.6500625 0.4200815 0.8820055 0.7443780 0.7503663 0.5555699 0.5647208 0.8162871 0.7314653 0.6336696 0.6891649 0.6681706 0.7192588 0.5525552 0.8016839 0.7753416 0.6937705 0.6574838 0.6185190 0.5978852 0.6976961 0.9741423 0.4456457 0.7425343 0.5184299 0.8273489 0.6596070 0.7550304 0.9106438 0.7165255 0.5584785 0.5469944 0.7761962 0.5964194 0.9463209 0.8216804 0.4831182 0.5498331 0.8498618 0.8498618 0.7950185 0.9036818 0.7467775 0.8240689 0.8228063 0.8240689 0.8200426 1.0403758 0.4566436 0.5999705 0.6706464 0.7604266 0.6152730 0.7922249 0.6152730 0.9359212 0.7435866 0.7158637 0.4233089 0.5028596 0.6953618 0.7918111 0.8596226 0.7827930 0.6825216 0.5741727 0.8142231 0.7945495 0.6758628 0.7602655 0.6842932 0.4971221 0.4703195 1.0300546 0.4822512 0.5493205 0.6816172 0.7732203 0.7900399 0.8400712 0.7064014 0.4579233 0.5008033 0.6617579 0.6329523 0.7982178 0.6817196 0.8056623 0.5476828 0.5669119 0.5955917 0.5206471 0.8071253 0.6823718 0.7457690 0.7626057 0.5360598 0.7098299 0.4425863 0.6574838 0.5733555 0.5992154 0.7696359 0.6087570 0.6532016 0.6214297 0.7490074 0.6463371 0.6680004 0.6549398 0.6603325 0.7586460 0.6385439 0.5022500 0.7088427 0.7025837 0.8380163 0.6606324 0.7904805 0.8760655 0.7519846 0.5555699 0.6771018 0.7273924 0.6926565 0.6986435 0.6346008 0.7683578 0.5611897 0.8647367 0.8647367 0.7247522 0.8057894 0.6871496 0.7811375 0.5484676 0.6318292 0.6136518 0.7178899 0.6612980 0.6070165 0.6070165 0.6370558 0.6134761 0.6134761 0.5387899 0.4566253 
GCF_000016185.1_ASM1618v1                    0.6369453 0.6496729 0.4304640 0.4254933 0.5008504 0.3976600 0.2341058 0.5883533 0.7063641 0.2866684 0.5229529 0.0000000 0.6133790 0.4089467 0.4009497 0.2302889 0.6953735 0.5888194 0.7215640 0.3997891 0.2938451 0.5494994 0.7123415 0.4654833 0.2302889 0.4235922 0.3851122 0.3976600 0.3718408 0.2804248 0.2730455 0.3319005 0.3548598 0.3218366 0.3757894 0.5121954 0.6013991 0.6323762 0.3301922 0.4963216 0.7405236 0.5289446 0.2680048 0.6806582 0.7289391 0.2680048 0.5818138 0.3553353 0.6485753 0.6953735 0.2954771 0.6485753 0.5516661 0.7287529 0.3237980 0.3674482 0.4125702 0.4402616 0.8097037 0.5929633 0.6080559 0.3997453 0.7180828 0.6755405 0.3193096 0.7730093 0.6463441 0.5498675 0.6071981 0.6745938 0.6301988 0.6061316 0.2662782 0.7088263 0.4334981 0.7193739 0.6419218 0.7063641 0.2423741 0.2423741 0.7064764 0.6971511 0.4075070 0.5021652 0.3957229 0.3980919 0.3301922 0.6248228 0.6295327 0.5614894 0.7273893 0.4166623 0.4307360 0.6543536 0.7182916 0.2381610 0.4711615 0.2870617 0.6792686 0.4834127 0.4383927 0.7173866 0.6114876 0.2346919 0.2665609 0.5661125 0.4280461 0.7503725 0.6942558 0.2825574 0.2765737 0.7528047 0.7528047 0.6946866 0.7646327 0.6822358 0.6792825 0.6967534 0.6792825 0.8641041 0.8148863 0.4133127 0.4417741 0.5165184 0.7387377 0.3800179 0.5252232 0.3800179 0.7203172 0.5789250 0.5657347 0.4230731 0.3728534 0.7290906 0.5066957 0.7351352 0.5295195 0.4403329 0.2385983 0.5132050 0.5573854 0.7065913 0.5833752 0.5034002 0.2918262 0.2712469 0.8071694 0.2885108 0.2754199 0.4122300 0.5044861 0.5450490 0.7948436 0.5237285 0.3815419 0.3936154 0.5946318 0.5889758 0.7405236 0.6356144 0.7491249 0.4748023 0.3231525 0.4809898 0.4393120 0.6371503 0.7072404 0.5105828 0.5143195 0.3072288 0.4111695 0.3684475 0.7273893 0.4498242 0.3642666 0.5988974 0.3954305 0.7345407 0.4453787 0.6968225 0.3593732 0.4242185 0.3636028 0.4337184 0.5472146 0.6133790 0.3191804 0.6994669 0.5262269 0.5853867 0.5158621 0.7368976 0.6839966 0.5131873 0.2423741 0.5128031 0.5730889 0.4778295 0.5190797 0.6109409 0.5285096 0.4524805 0.6969730 0.6969730 0.6361729 0.6303804 0.7065913 0.7143987 0.3193096 0.4089467 0.3941581 0.4688895 0.5949926 0.6054800 0.6054800 0.5831900 0.6244728 0.6244728 0.3100432 0.2772827 
GCF_000018145.1_ASM1814v1                    0.8846052 0.4354667 0.7178894 0.8200276 0.9096749 0.5589771 0.6302044 0.3307026 0.2954843 0.6140779 0.6385439 0.6133790 0.0000000 0.6943802 0.7134332 0.6260716 0.3236286 0.9556570 0.4682617 0.6679030 0.5645237 0.7592958 0.2958006 0.7225700 0.6260716 0.7529266 0.6881640 0.5589771 0.6286892 0.5083564 0.5109822 0.6204830 0.6446605 0.5903548 0.7498665 1.0249970 0.3865480 0.4133586 0.6974840 1.0383979 0.9027449 0.7375889 0.5807745 0.8659349 0.8845079 0.5807745 0.9869188 0.6991430 0.3039626 0.3236286 0.6356372 0.3039626 1.0350873 0.8461770 0.4931771 0.6214556 0.7065668 0.6861508 1.0073163 0.8634396 0.8012900 0.6986761 0.4056021 0.3559346 0.6867367 0.8426529 0.2828630 0.8104359 0.2864625 0.2862729 0.3726291 0.3448985 0.5229131 0.3032374 0.6985650 1.0481211 0.7917448 0.2954843 0.6438493 0.6335684 0.9018795 0.3318222 0.6576068 0.7598447 0.6918098 0.6831354 0.6974840 0.8490958 0.3722757 0.8201219 0.3151110 0.6765845 0.6547220 0.3710075 0.7751746 0.5601870 0.8740852 0.6317526 0.3109640 0.6076129 0.9178638 0.8687641 0.8121696 0.6365123 0.5205473 0.9243181 0.8084483 0.9468045 0.3989171 0.6169004 0.5251714 0.4090249 0.4090249 0.3943062 0.5290527 0.8600163 0.3469020 0.3544016 0.3469020 0.5271076 1.0203724 0.6140393 0.6747465 0.7668034 0.3915927 0.6895157 0.8816826 0.6895157 0.4220945 1.0580097 0.9812351 0.6453410 0.7618478 0.3603552 0.6773961 0.9649646 1.0351925 0.7292390 0.6455644 0.7623936 0.7983019 0.4703416 0.2679210 0.3747866 0.6592042 0.5845929 1.0103555 0.5994406 0.5526650 0.7906662 0.8756815 0.8191140 0.3964084 0.8488480 0.7029231 0.6580960 1.0157196 0.7939910 0.9027449 1.0078338 0.9093650 0.7942984 0.6410852 0.8404372 0.5962304 0.4227969 0.8995403 0.6872852 1.0233723 0.6124885 0.6952202 0.7048601 0.3151110 0.7864760 0.6740633 1.1377369 0.7023326 0.3110183 0.7356820 0.3674669 0.6496934 0.7356503 0.7055187 0.8059559 0.8755113 0.0000010 0.7078595 0.9564282 0.9525561 1.1132025 0.7492047 0.4945118 0.3352649 0.9245429 0.6438493 0.6554192 0.7903235 1.0342697 0.9486605 0.7206937 0.7839412 0.8105620 1.1033575 1.1033575 0.7943563 0.3919106 0.4703416 0.3415836 0.6867367 0.6943802 0.7189150 0.8230196 0.9107273 0.8546578 0.8546578 0.7861578 0.8830035 0.8830035 0.5928059 0.5513566 
GCF_000019365.1_ASM1936v1                    0.8669142 0.7628017 0.6628884 0.6814712 0.7380372 0.5024070 0.5408484 0.6500599 0.6628678 0.4819231 0.6318292 0.4089467 0.6943802 0.0000000 0.3398958 0.4888077 0.7535353 0.6764396 0.8558387 0.6011461 0.5373695 0.8025074 0.6777462 0.5302376 0.4888077 0.4366035 0.5579057 0.5024070 0.5233132 0.4293590 0.4770105 0.4001661 0.4831738 0.5594002 0.3872118 0.8386424 0.6295031 0.9756477 0.3372884 0.7891278 0.8706352 0.7344276 0.4304887 0.8566307 0.9269937 0.4304887 0.7220950 0.1180593 0.7627789 0.7535353 0.5109485 0.7627789 0.8871247 1.0036636 0.3571472 0.5765214 0.6161870 0.5338384 1.1313333 0.7856042 0.8072779 0.3379220 0.7227655 0.8021743 0.3477993 0.8466065 0.7320312 0.7753502 0.6614536 0.7362413 0.7665906 0.7565875 0.4907006 0.7367763 0.5178407 1.0477436 0.7955409 0.6628678 0.4978859 0.5063106 0.7856459 0.7490606 0.2796362 0.2998631 0.1553273 0.1417800 0.3372884 0.7135966 0.7773186 0.6696731 0.7330564 0.5932251 0.4502303 0.6901026 0.8075328 0.4281544 0.5910089 0.4609806 0.8137816 0.6424917 0.7243151 1.1352761 0.8388227 0.4970828 0.4652003 0.8916579 0.3917567 0.9703588 0.7847275 0.3411485 0.4664435 0.9136887 0.9136887 0.9009109 0.9850353 0.8361270 0.7401487 0.7242030 0.7401487 0.7806179 1.1554510 0.5687370 0.4416422 0.6723059 0.7536095 0.5877780 0.5626068 0.5877780 0.8398225 0.8834343 0.8176577 0.5736967 0.5333837 0.7217956 0.7050723 0.9457533 0.8283164 0.6772190 0.5042392 0.6505744 0.7085755 0.8469828 0.6252317 0.5439495 0.3641995 0.3596782 1.1433063 0.3805742 0.4833440 0.1757386 1.0018634 0.8681176 0.8021246 0.8125170 0.5541895 0.5923514 0.8013170 0.7976738 0.8706352 0.8155487 0.8909851 0.5750948 0.3703233 0.6005750 0.6220752 0.7875361 0.8626890 0.6599333 0.8779590 0.5418468 0.1298149 0.5731786 0.7330564 0.4834341 0.3354794 0.8902904 0.3338324 0.7403762 0.4493952 0.6741398 0.3009736 0.4292405 0.4742651 0.5009839 0.7235442 0.6943802 0.4412629 0.7544373 0.8205716 0.8237088 0.6546587 0.7454967 0.8345095 0.6051675 0.4978859 0.2781325 0.8498096 0.8150342 0.8260040 0.6004869 0.8303234 0.6230004 0.9972485 0.9972485 0.8133314 0.6966184 0.8469828 0.7625564 0.3477993 0.0000010 0.1709105 0.5701834 0.8114234 0.7898264 0.7898264 0.7897831 0.8157401 0.8157401 0.5493978 0.4092901 
GCF_000019725.1_ASM1972v1                    0.7724232 0.7141271 0.5651143 0.7274296 0.7273174 0.5408716 0.4315360 0.8265384 0.7566731 0.4258641 0.6257199 0.4009497 0.7134332 0.3398958 0.0000000 0.3941334 0.8789504 0.6073182 0.7653747 0.5293804 0.4358061 0.6653838 0.7502268 0.5760281 0.3941334 0.4777446 0.4781821 0.5408716 0.4244460 0.3427425 0.4372195 0.4508034 0.4378937 0.4750870 0.0554613 0.6032123 0.6915248 1.0282818 0.0556531 0.5662791 0.8804728 0.6070497 0.3384740 0.7989428 0.8743838 0.3384740 0.7089895 0.2664542 0.7793188 0.8789504 0.4270144 0.7793188 0.8258718 0.8113465 0.3849936 0.5349045 0.6441360 0.4694887 1.1975767 0.7302031 0.6665202 0.0041841 0.8599231 1.2197551 0.0607434 0.8312034 0.7368358 0.6889450 0.6997850 0.7782632 0.8346590 0.9382468 0.4368206 0.8286565 0.5316382 1.0682442 0.6850576 0.7566731 0.3823024 0.3823024 0.6136878 0.7675908 0.2746001 0.1874243 0.2947526 0.3015688 0.0556531 0.7002389 0.8461993 0.6605961 0.8180662 0.6278007 0.4919249 0.7409631 0.8003543 0.3353999 0.5210902 0.5044068 0.9332616 0.6354455 0.5927689 0.9507364 0.7083551 0.3813383 0.4338293 0.7873151 0.0977437 0.9839195 0.7228899 0.4101056 0.4422293 0.9755289 0.9755289 0.7945338 0.9071351 0.7614939 0.7547921 0.8038873 0.7547921 0.9103794 1.2044273 0.5275431 0.5101013 0.5951319 0.7362140 0.5487091 0.5987435 0.5487091 0.8335235 0.6140337 0.7571885 0.5439806 0.4703063 0.8257585 0.7507862 0.9366912 0.6262307 0.6501969 0.4065247 0.5845348 0.7405176 0.7772813 0.6519800 0.6656254 0.4255941 0.3888259 1.1920295 0.4049309 0.4275853 0.2988883 0.9419092 0.6933439 1.1599938 0.6877686 0.4790782 0.5246693 0.7832515 0.7261046 0.8804728 0.7883135 0.9076887 0.6736783 0.3584495 0.6861561 0.7005633 0.7630725 0.8012330 0.6300517 0.6087292 0.4503162 0.2881349 0.4870998 0.8180662 0.4543270 0.0332788 0.8711696 0.0020893 0.8261052 0.4943892 0.8535140 0.1836136 0.4745681 0.5267887 0.5707100 0.6830263 0.7134332 0.4198419 0.7486356 0.6414230 0.7460110 0.6159470 0.7116580 1.3243357 0.5936222 0.3823024 0.2373253 0.7391935 0.5661440 0.6381017 0.6446332 0.6828455 0.5769593 0.9445754 0.9445754 0.6874493 0.8394430 0.7907190 0.8810326 0.0607434 0.3398958 0.2795450 0.5818702 0.7576403 0.7313371 0.7313371 0.7191282 0.7546389 0.7546389 0.4372150 0.3778341 
GCF_000020445.1_ASM2044v1                    0.7492676 0.7492538 0.3770800 0.5338121 0.5704979 0.3630514 0.0358313 0.6447081 0.6226432 0.2625135 0.5672285 0.2302889 0.6260716 0.4888077 0.3941334 0.0000000 0.7787430 0.5934716 0.6278966 0.3713238 0.2728258 0.5551701 0.6186297 0.4208621 0.0000010 0.5166467 0.3669972 0.3630514 0.3684932 0.2679782 0.1401549 0.3837660 0.3083853 0.2865966 0.4274425 0.6320123 0.6812784 0.7367375 0.3840926 0.6218251 0.6358137 0.6002869 0.2029258 0.7118827 0.7186261 0.2029258 0.5609015 0.4009827 0.7673354 0.7787430 0.2988952 0.7673354 0.6265787 0.7969167 0.3058293 0.3311272 0.4853387 0.4534696 0.9189155 0.6361263 0.6431929 0.3929642 0.7873026 0.8954769 0.3779146 0.7260847 0.5647136 0.5589337 0.6860735 0.7284225 0.7509838 0.7341810 0.1522736 0.7640247 0.4105366 0.8262852 0.7098198 0.6226432 0.0098449 0.0078368 0.6205008 0.7238829 0.4617527 0.4908302 0.4459891 0.4325555 0.3840926 0.6753060 0.7613316 0.5576791 0.7928501 0.4591356 0.4436365 0.6799391 0.6315529 0.2022805 0.3414732 0.3133774 0.7322474 0.5538107 0.5570657 0.7874038 0.7071868 0.0058671 0.1426883 0.5978514 0.4540307 0.8652913 0.7076871 0.3551900 0.1462395 0.8673048 0.8673048 0.7771443 0.7635926 0.7245101 0.6927451 0.6979053 0.6927451 0.9664906 0.9373180 0.3838399 0.4548861 0.5731401 0.6861010 0.3292091 0.6761073 0.3292091 0.8985879 0.6499876 0.6388507 0.4281756 0.4495300 0.6966449 0.6542271 0.6596851 0.5656479 0.4733227 0.0038852 0.5367154 0.6716915 0.6616930 0.6054583 0.5182848 0.3639244 0.3351324 0.9280638 0.3633977 0.1515870 0.4418335 0.5618758 0.5565561 1.0209816 0.5792015 0.4066931 0.3654727 0.5741966 0.6816699 0.6358137 0.5988387 0.6613329 0.5452648 0.3558501 0.5345234 0.4464505 0.6672709 0.7329492 0.5844124 0.6808953 0.2825354 0.4230112 0.4162715 0.7928501 0.4765072 0.3831538 0.6543251 0.3887507 0.7844772 0.4303838 0.7879014 0.4167283 0.5196393 0.4180684 0.4408835 0.6637379 0.6260716 0.3876479 0.7589760 0.6327573 0.6959487 0.5517909 0.7634695 0.8399280 0.4777761 0.0098449 0.4581944 0.6243188 0.6173132 0.6349369 0.5846933 0.5487332 0.5142231 0.6397952 0.6397952 0.6904466 0.7205932 0.6726981 0.7301442 0.3779146 0.4888077 0.4196638 0.5781329 0.6679597 0.6405361 0.6405361 0.6749468 0.6609839 0.6609839 0.2728982 0.2860250 
GCF_000021005.1_ASM2100v1                    0.9818569 0.3471519 0.8136818 0.8912924 1.0088263 0.6492105 0.7840703 0.4221058 0.2326148 0.6797100 0.6552478 0.6953735 0.3236286 0.7535353 0.8789504 0.7787430 0.0000000 1.0086438 0.2587018 0.8341300 0.6661988 0.8846028 0.2420058 0.7984413 0.7787430 0.8572379 0.7529739 0.6492105 0.6942786 0.6422655 0.7313101 0.6664581 0.8200962 0.6919184 0.8612480 0.9204744 0.3637536 0.4564938 0.8874256 0.9243812 1.1575125 0.7912948 0.6536326 0.9784080 0.9557238 0.6536326 0.9440128 0.7941061 0.3080676 0.0000010 0.6980879 0.3080676 1.1331665 0.8777220 0.6719139 0.8659970 0.8225581 0.7153729 1.3422818 0.8810519 0.9118692 0.8610028 0.2802956 0.3940458 0.8818795 0.7863542 0.2809020 0.8767457 0.2971641 0.3070618 0.3454387 0.3273792 0.7327850 0.0311544 0.7363777 1.1158404 0.9098929 0.2326148 0.7608946 0.7739151 1.1064715 0.1651032 0.8551638 0.9289198 0.7380899 0.7528532 0.8874256 0.9841070 0.3507269 0.8891431 0.0162204 0.7924545 0.8127206 0.1973813 1.0035657 0.6743584 0.9611150 0.7452295 0.2603003 0.7693976 0.8373751 1.1960935 0.8897513 0.8057630 0.7154082 1.0184085 0.9484158 1.1553777 0.3119189 0.7847175 0.7409648 0.3661753 0.3661753 0.3620301 0.4421540 0.8329440 0.3313623 0.2919620 0.3313623 0.5232641 1.3600189 0.8093136 0.8031989 0.6681555 0.3869174 1.0412770 0.8130483 1.0412770 0.3094306 1.0483426 1.0459623 0.9108230 0.8620849 0.3205487 0.8470486 1.3743256 0.9654281 0.8696538 0.8037666 1.0117704 0.9146161 0.2541703 0.2859677 0.3728183 0.7813680 0.7190968 1.3456126 0.7202303 0.7701871 0.8222713 0.9415384 0.9540829 0.3742257 0.8855081 0.8351009 0.8215783 1.2138014 0.8800506 1.1575125 1.2530376 1.2209991 0.7942917 0.7474980 0.8538885 0.7513807 0.2676954 1.0287371 0.8827767 0.8723661 0.6470898 0.7484114 0.8118205 0.0162204 0.9143984 0.7950504 1.1706070 0.8653557 0.0182749 0.8487172 0.4059836 0.9452608 0.8517388 0.7534680 0.8971372 0.8112253 0.3236286 0.7224788 0.9838331 0.9766614 1.0302985 0.8216881 0.4202490 0.3725478 0.8481568 0.7608946 0.8753434 0.9138065 0.9441517 0.9783461 0.8814463 0.9166711 0.9721150 1.1260669 1.1260669 0.8943342 0.3322217 0.2590686 0.3245591 0.8818795 0.7535353 0.7623025 0.9488614 0.9151242 0.8651341 0.8651341 0.8857922 0.8934945 0.8934945 0.6918664 0.7468295 
