79
GCA_015693905.1_ASM1569390v1 0.0000000 0.4447285 0.5899565 0.5027236 0.6537328 0.7788305 0.5109398 2.2263326 0.4061376 0.4673066 2.6988752 2.8924837 3.2457457 0.8105517 0.6547057 0.7980042 0.7980042 0.6547057 3.1724467 0.5782603 0.5347963 2.7197185 0.4964975 0.8230000 0.8504755 0.4791156 0.5188958 0.8301862 0.5899565 2.3008734 0.6373828 0.4791156 0.6819111 0.4826736 0.4651731 1.2435578 0.6694443 0.4405894 0.6188757 0.6188757 0.6265810 0.6305500 0.4233245 0.3961726 0.4233245 0.6965737 0.4786824 2.8611178 2.8611178 0.4885035 0.5158571 2.3861595 0.8072962 0.4901856 0.4639247 0.5434779 2.5748969 2.6154402 2.7689221 2.4210681 2.7076148 0.6146322 0.6819111 0.5865426 0.5027236 0.4524892 0.6097019 2.5539372 2.5539372 0.4727641 0.8072962 0.6581710 2.5814914 2.7302643 2.7598627 2.6629453 2.7302643 2.7071504 2.7071504 
GCF_000013565.1_ASM1356v1    0.4447285 0.0000000 0.6378451 0.5318783 0.7051185 0.8676603 0.6113464 4.0384025 0.3557312 0.6225527 2.9412800 3.3828665 3.5797110 1.0619371 0.7052972 1.0907198 1.0907198 0.7052972 4.2225725 0.6844427 0.4320668 3.3751174 0.4822084 1.0768251 1.0268648 0.4789462 0.5101512 0.9608493 0.6378451 2.9110412 0.7251153 0.4789462 0.7439731 0.6450108 0.4779907 1.2632344 0.7026487 0.4518731 0.5070070 0.5070070 0.5751900 0.8071149 0.4471451 0.4209381 0.4471451 0.5655909 0.4963897 3.6879855 3.6879855 0.5005845 0.5406152 3.9190475 0.9420504 0.5360794 0.6100735 0.4898637 3.5078313 3.5923420 3.0823921 3.5183262 3.0570382 0.6945289 0.7439731 0.6054952 0.5318783 0.5554062 0.5540691 3.2204320 3.2204320 0.4971617 0.9420504 0.7689708 3.4183519 3.7261283 3.6065580 3.5066545 3.7261283 3.7134848 3.7134848 
GCF_000014045.1_ASM1404v1    0.5899565 0.6378451 0.0000000 0.3655875 0.7199405 0.8849345 0.0581598 3.0597699 0.6554642 0.5490322 3.1662399 3.3811952 2.9050942 0.8929733 0.7192119 0.9426446 0.9426446 0.7192119 2.6289393 0.6968706 0.4008038 2.8528405 0.3890389 0.9676600 1.1085801 0.3894476 0.4116419 0.9895894 0.0000010 2.9322874 0.7293845 0.3894476 0.7500517 0.7341773 0.4093810 1.7167905 0.7189394 0.4900837 0.5740263 0.5740263 0.5552234 0.6622766 0.4040789 0.3773901 0.4040789 0.6126668 0.4269419 2.5698775 2.5698775 0.5135093 0.2740788 3.2950101 0.9141028 0.4348775 0.5845311 0.4641157 2.6471525 3.0676691 3.0910899 3.0089637 3.0951495 0.6631078 0.7500517 0.6107226 0.3655875 0.6553914 0.5112309 3.5781580 3.5781580 0.4162510 0.9141028 0.7863111 3.0695376 3.2558255 3.1585549 3.0703411 3.2558255 3.2338368 3.2338368 
GCF_000018145.1_ASM1814v1    0.5027236 0.5318783 0.3655875 0.0000000 0.6391690 0.7552459 0.3841401 2.7060509 0.5490063 0.6319051 2.8863157 3.2181340 3.0270406 0.9940520 0.6393524 0.9787410 0.9787410 0.6393524 2.5756043 0.6418485 0.4412596 3.0881023 0.3958486 0.9846607 1.1157913 0.3910027 0.4188745 0.9256638 0.3655875 2.6548309 0.5980186 0.3910027 0.6887902 0.5550512 0.3110693 1.2909011 0.6610832 0.4867588 0.4747598 0.4747598 0.5159320 0.8158816 0.4494491 0.4705297 0.4494491 0.5855063 0.4618392 2.3429752 2.3429752 0.3993250 0.4364124 3.1761144 0.7801949 0.4118319 0.6032882 0.3443973 2.5078665 2.8956108 2.7561901 2.8448049 2.9535125 0.6006471 0.6887902 0.4594943 0.0000010 0.5316174 0.5092824 3.3011582 3.3011582 0.4453586 0.7801949 0.6457364 2.7072050 2.7341436 2.6610537 2.9512106 2.7341436 2.7169753 2.7169753 
GCF_000021005.1_ASM2100v1    0.6537328 0.7051185 0.7199405 0.6391690 0.0000000 0.7407013 0.7133197 2.5214533 0.6361489 0.7922193 2.7108986 3.7438764 2.8698200 1.0659997 0.0042716 1.0836642 1.0836642 0.0042716 2.9313183 0.5887910 0.8220127 3.1579004 0.6695928 1.0848589 1.1118917 0.6911890 0.7387001 0.2314466 0.7199405 2.0869589 0.6599991 0.6911890 0.0499457 0.6275020 0.6821581 1.5635535 0.0174739 0.7392487 0.8298870 0.8298870 0.8346109 0.8858596 0.7127569 0.7001467 0.7127569 0.6901566 0.6823608 3.0609889 3.0609889 0.6586682 0.6523400 2.4715590 0.7770206 0.7619092 0.8457347 0.7556220 3.0488101 2.8712726 2.7575494 3.5341632 2.6621550 0.6495352 0.0499457 0.8829105 0.6391690 0.7322136 0.8519576 2.5045780 2.5045780 0.7194002 0.7770206 0.6291842 2.7141859 2.6802952 2.7085534 2.8765230 2.6802952 2.6641104 2.6641104 
GCF_000021865.1_ASM2186v1    0.7788305 0.8676603 0.8849345 0.7552459 0.7407013 0.0000000 0.8900616 2.7538074 0.7462091 1.0648698 2.4314589 3.5613306 3.2393281 1.1790684 0.7438914 1.1557343 1.1557343 0.7438914 3.0230944 0.7389227 0.7781282 2.8083847 0.9219986 1.1407468 1.1334911 0.8796249 0.8602999 0.9049488 0.8849345 2.0071998 0.4546170 0.8796249 0.8017912 0.5060631 0.8156545 1.4470368 0.7416690 0.7926883 0.7404531 0.7404531 0.8130711 1.1078791 0.8406309 0.7711970 0.8406309 0.8051620 0.9124839 2.7414879 2.7414879 0.7151897 0.8528187 2.7887292 0.0392775 0.8361979 0.7694157 0.6647042 2.6249591 3.4529233 2.3190150 2.7685706 2.2924732 0.5040130 0.8017912 0.9002809 0.7552459 0.9735036 0.8320922 2.2002514 2.2002514 0.8167349 0.0392775 0.7641853 3.1200404 3.1177212 3.0280081 3.4599431 3.1177212 3.0972629 3.0972629 
GCF_000154785.2_ASM15478v2   0.5109398 0.6113464 0.0581598 0.3841401 0.7133197 0.8900616 0.0000000 2.6893682 0.5967542 0.5127190 2.9010536 3.0423132 2.8947290 0.9016818 0.7126011 0.9014138 0.9014138 0.7126011 2.4455614 0.6384077 0.4215938 3.1030360 0.3523743 0.9281332 1.0748782 0.3794723 0.3903671 0.9774362 0.0581598 2.9761663 0.6803208 0.3794723 0.7426808 0.6719995 0.3766549 1.6295676 0.7214342 0.4654434 0.5831110 0.5831110 0.5491302 0.5976449 0.4088524 0.3849406 0.4088524 0.6311144 0.4003322 2.3926887 2.3926887 0.5226138 0.2559664 2.9244580 0.9094315 0.4260266 0.5633607 0.4718615 2.5485995 2.9649852 2.9200279 2.7906438 2.9244639 0.6216832 0.7426808 0.5973055 0.3841401 0.6600468 0.5234513 3.4061008 3.4061008 0.4133252 0.9094315 0.7503341 2.9067581 3.1621266 3.0692730 2.9675293 3.1621266 3.1410069 3.1410069 
GCF_000284255.1_ASM28425v1   2.2263326 4.0384025 3.0597699 2.7060509 2.5214533 2.7538074 2.6893682 0.0000000 2.9645245 2.9099400 1.3203629 1.1004006 1.5620337 2.9708003 2.5300680 2.7971340 2.7971340 2.5300680 1.4529534 3.0290889 3.1760126 1.1619759 3.4923147 2.7935496 2.7331622 2.8485088 2.5590406 2.5551720 3.0597699 1.1088351 2.4222909 2.8485088 2.3793604 2.5964167 3.6636245 3.6874840 2.4906064 2.9937773 3.1019102 3.1019102 2.7821072 3.2212829 2.9064994 2.9249665 2.9064994 3.7523115 3.0024597 1.4423418 1.4423418 2.9180113 2.6813304 1.3622441 2.5409981 3.0174399 3.1625223 2.0811414 1.2578116 1.0790667 1.3296486 1.3051221 1.3304034 2.4016399 2.3793604 2.9573732 2.7060509 2.3774882 2.6976745 1.1230103 1.1230103 2.9623674 2.5409981 2.2492183 1.1499751 1.1503141 1.1466246 1.0952056 1.1503141 1.1445058 1.1445058 
GCF_000590925.1_ASM59092v1   0.4061376 0.3557312 0.6554642 0.5490063 0.6361489 0.7462091 0.5967542 2.9645245 0.0000000 0.6537079 2.6338865 2.8580505 3.2736828 0.6894259 0.6217347 0.6626333 0.6626333 0.6217347 4.0176297 0.6137610 0.7129153 3.3266213 0.5963073 0.6614193 0.7174975 0.5403197 0.5952466 0.8868253 0.6554642 2.3393716 0.7060444 0.5403197 0.6873972 0.6210365 0.4540250 1.4251602 0.6440992 0.5671417 0.5888730 0.5888730 0.6830674 0.8666741 0.5146923 0.4866853 0.5146923 0.7660473 0.5802929 3.7937478 3.7937478 0.5761238 0.6834087 2.8231567 0.7487116 0.5903568 0.6313678 0.6455295 2.5033939 3.5441704 2.6497018 2.5765475 2.7318841 0.6287118 0.6873972 0.6348843 0.5490063 0.6821693 0.6598752 2.8804690 2.8804690 0.5337797 0.7487116 0.7019439 3.0760680 3.1073124 3.0204722 3.4620945 3.1073124 3.0875204 3.0875204 
GCF_000738435.1_ASM73843v1   0.4673066 0.6225527 0.5490322 0.6319051 0.7922193 1.0648698 0.5127190 2.9099400 0.6537079 0.0000000 2.6232486 3.4820887 4.0179364 0.9593026 0.7945430 0.9455650 0.9455650 0.7945430 2.9130707 0.8107550 0.4296812 3.6848786 0.5332630 0.9748621 1.1179275 0.5988036 0.4135971 0.8672260 0.5490322 2.7463778 0.9900253 0.5988036 0.8023719 0.7331549 0.5203023 1.5228800 0.8024911 0.5593297 0.8053164 0.8053164 0.8111664 0.6845799 0.4837471 0.4920772 0.4837471 0.8486829 0.5488994 2.6609988 2.6609988 0.6246160 0.5236224 2.6682895 1.0389865 0.6711163 0.6779886 0.4874985 2.4918292 3.3697348 2.6978075 2.5910508 2.5617400 0.8538128 0.8023719 0.6486173 0.6319051 0.6129338 0.5304058 2.5252393 2.5252393 0.5844301 1.0389865 0.8932891 3.2183158 3.2264115 3.1322698 3.3728228 3.2264115 3.2050995 3.2050995 
GCF_000973625.1_ASM97362v1   2.6988752 2.9412800 3.1662399 2.8863157 2.7108986 2.4314589 2.9010536 1.3203629 2.6338865 2.6232486 0.0000000 1.5390672 1.8141420 2.0993421 2.7115657 2.2080243 2.2080243 2.7115657 1.4397247 2.6176666 3.3889982 1.6028633 2.9615782 2.1715415 2.3899480 2.2034841 2.5885805 2.2263473 3.1662399 0.4743892 3.0984385 2.2034841 2.8781357 2.7424602 2.7426556 2.8673820 2.7697409 2.5961900 2.5565669 2.5565669 2.7067448 1.9194800 2.5707822 2.5337571 2.5707822 3.0665833 2.5216421 1.4398634 1.4398634 2.6424682 2.4100227 0.3087420 2.3862647 4.2393699 3.2045678 3.0746173 1.0189888 1.1415016 0.0127738 1.1149782 0.0282838 3.0866697 2.8781357 2.7489690 2.8863157 2.0734666 3.3796119 0.5683429 0.5683429 2.7559745 2.3862647 2.5200296 1.1087228 1.1227232 1.1191103 1.1429295 1.1227232 1.1188802 1.1188802 
GCF_001412535.1_ASM141253v1  2.8924837 3.3828665 3.3811952 3.2181340 3.7438764 3.5613306 3.0423132 1.1004006 2.8580505 3.4820887 1.5390672 0.0000000 0.5334628 2.5354068 3.7576548 2.4024818 2.4024818 3.7576548 0.5720634 3.6728039 3.4097740 0.5419903 2.5931332 2.3619158 3.0131393 2.9815021 3.1084927 3.4019533 3.3811952 1.3647574 2.9857744 2.9815021 3.4836857 2.7910110 3.3975046 3.4934673 3.9186378 2.8408086 3.3532427 3.3532427 2.7125457 2.5093492 3.2358145 3.2756048 3.2358145 5.5738922 2.9580450 0.5584387 0.5584387 2.9333255 3.0467630 1.5816569 3.4317681 3.4146950 2.9566498 2.7527971 1.3596047 1.5193730 1.5540340 1.4185420 1.5934291 3.4589817 3.4836857 3.0979071 3.2181340 3.0258921 3.2739334 1.0772688 1.0772688 3.2767627 3.4317681 2.8071975 1.4518841 1.4772011 1.4726017 1.5205063 1.4772011 1.4695138 1.4695138 
GCF_001412575.1_ASM141257v1  3.2457457 3.5797110 2.9050942 3.0270406 2.8698200 3.2393281 2.8947290 1.5620337 3.2736828 4.0179364 1.8141420 0.5334628 0.0000000 2.3624490 2.8705309 2.3172100 2.3172100 2.8705309 0.6378004 2.9969574 3.7151255 0.5924846 3.1235642 2.3134859 3.1561850 2.8223120 4.1516144 2.6661585 2.9050942 1.3106281 2.9658439 2.8223120 2.6767127 3.0752582 3.6921948 3.6624761 2.8634959 3.2063702 3.3109863 3.3109863 3.0845414 3.0759464 3.6448992 3.8530504 3.6448992 4.6268314 3.7389708 0.6305528 0.6305528 2.9313825 3.9508125 1.5971942 3.1022747 4.1541034 3.1072099 4.3176803 1.8094495 1.8534466 1.8442612 1.7755888 1.8621247 2.9904085 2.6767127 4.1252020 3.0270406 3.6540723 3.2165994 1.5164884 1.5164884 3.8421464 3.1022747 3.1888476 1.7807920 1.7360302 1.7306606 1.8561630 1.7360302 1.7267118 1.7267118 
GCF_001548075.1_ASM154807v1  0.8105517 1.0619371 0.8929733 0.9940520 1.0659997 1.1790684 0.9016818 2.9708003 0.6894259 0.9593026 2.0993421 2.5354068 2.3624490 0.0000000 1.0646272 0.0135318 0.0135318 1.0646272 2.9610433 1.0559411 1.0172195 2.4870801 1.0292434 0.0205166 0.2277267 0.9656205 1.0123308 1.2119500 0.8929733 1.9578336 1.1296571 0.9656205 1.1330430 1.0169194 0.9133128 1.6391278 1.0858927 1.0475486 1.1446175 1.1446175 1.2692028 1.1832031 0.9299348 0.8669746 0.9299348 1.3262001 1.1226257 2.8705929 2.8705929 1.0894674 1.0036611 2.5577881 1.1750965 1.0231273 1.2150670 1.1361554 2.5276174 3.2688990 1.9737101 2.6009990 2.0640535 1.0877918 1.1330430 1.1504187 0.9940520 0.9714534 1.1674154 2.0873585 2.0873585 1.2419021 1.1750965 1.0792619 3.1169041 3.2365169 3.2254936 3.2718466 3.2365169 3.2149509 3.2149509 
GCF_001576595.1_ASM157659v1  0.6547057 0.7052972 0.7192119 0.6393524 0.0042716 0.7438914 0.7126011 2.5300680 0.6217347 0.7945430 2.7115657 3.7576548 2.8705309 1.0646272 0.0000000 1.0732983 1.0732983 0.0000010 3.0552806 0.5909182 0.8255048 3.1644918 0.6705547 1.0745055 1.1119631 0.6921663 0.7589977 0.2324951 0.7192119 2.0866144 0.6629922 0.6921663 0.0499681 0.6326148 0.6661782 1.5688630 0.0130426 0.7430448 0.8289381 0.8289381 0.8370131 0.8767483 0.7159026 0.7032452 0.7159026 0.6926722 0.6856526 3.0663241 3.0663241 0.6608532 0.6553310 2.4722148 0.7803145 0.7652481 0.8498554 0.7588905 3.0592422 2.8816197 2.7582205 3.5464438 2.6628193 0.6497238 0.0499681 0.8865934 0.6393524 0.7345396 0.8555073 2.5991170 2.5991170 0.7219241 0.7803145 0.6233373 2.7234994 2.6893599 2.7177213 2.8868927 2.6893599 2.6731191 2.6731191 
GCF_001633145.1_ASM163314v1  0.7980042 1.0907198 0.9426446 0.9787410 1.0836642 1.1557343 0.9014138 2.7971340 0.6626333 0.9455650 2.2080243 2.4024818 2.3172100 0.0135318 1.0732983 0.0000000 0.0000010 1.0732983 2.8193056 1.0320763 1.0256060 2.4777925 1.0049151 0.0090411 0.2257125 0.9742505 0.9997510 1.2371238 0.9426446 2.0274352 1.1138796 0.9742505 1.1616944 0.9904128 0.8897346 1.6185336 1.0948355 0.9991363 1.1490189 1.1490189 1.2590136 1.1228230 0.9193740 0.8571953 0.9193740 1.3087035 1.1380059 2.7514231 2.7514231 1.0743466 1.0035149 2.5080781 1.1451455 0.9829198 1.1590127 1.0826690 2.4425839 3.3374922 2.1032139 2.5392519 2.2022815 1.0705907 1.1616944 1.1047433 0.9787410 0.9759389 1.1121958 2.1246567 2.1246567 1.2414414 1.1451455 1.0600844 3.1782099 3.3015474 3.2902406 3.3405272 3.3015474 3.2793557 3.2793557 
GCF_001633165.1_ASM163316v1  0.7980042 1.0907198 0.9426446 0.9787410 1.0836642 1.1557343 0.9014138 2.7971340 0.6626333 0.9455650 2.2080243 2.4024818 2.3172100 0.0135318 1.0732983 0.0000010 0.0000000 1.0732983 2.8193056 1.0320763 1.0256060 2.4777925 1.0049151 0.0090411 0.2257125 0.9742505 0.9997510 1.2371238 0.9426446 2.0274352 1.1138796 0.9742505 1.1616944 0.9904128 0.8897346 1.6185336 1.0948355 0.9991363 1.1490189 1.1490189 1.2590136 1.1228230 0.9193740 0.8571953 0.9193740 1.3087035 1.1380059 2.7514231 2.7514231 1.0743466 1.0035149 2.5080781 1.1451455 0.9829198 1.1590127 1.0826690 2.4425839 3.3374922 2.1032139 2.5392519 2.2022815 1.0705907 1.1616944 1.1047433 0.9787410 0.9759389 1.1121958 2.1246567 2.1246567 1.2414414 1.1451455 1.0600844 3.1782099 3.3015474 3.2902406 3.3405272 3.3015474 3.2793557 3.2793557 
GCF_001685625.1_ASM168562v1  0.6547057 0.7052972 0.7192119 0.6393524 0.0042716 0.7438914 0.7126011 2.5300680 0.6217347 0.7945430 2.7115657 3.7576548 2.8705309 1.0646272 0.0000010 1.0732983 1.0732983 0.0000000 3.0552806 0.5909182 0.8255048 3.1644918 0.6705547 1.0745055 1.1119631 0.6921663 0.7589977 0.2324951 0.7192119 2.0866144 0.6629922 0.6921663 0.0499681 0.6326148 0.6661782 1.5688630 0.0130426 0.7430448 0.8289381 0.8289381 0.8370131 0.8767483 0.7159026 0.7032452 0.7159026 0.6926722 0.6856526 3.0663241 3.0663241 0.6608532 0.6553310 2.4722148 0.7803145 0.7652481 0.8498554 0.7588905 3.0592422 2.8816197 2.7582205 3.5464438 2.6628193 0.6497238 0.0499681 0.8865934 0.6393524 0.7345396 0.8555073 2.5991170 2.5991170 0.7219241 0.7803145 0.6233373 2.7234994 2.6893599 2.7177213 2.8868927 2.6893599 2.6731191 2.6731191 
GCF_001713375.1_ASM171337v1  3.1724467 4.2225725 2.6289393 2.5756043 2.9313183 3.0230944 2.4455614 1.4529534 4.0176297 2.9130707 1.4397247 0.5720634 0.6378004 2.9610433 3.0552806 2.8193056 2.8193056 3.0552806 0.0000000 2.8758164 3.1784035 0.6450848 2.9346962 2.7662099 3.5798143 2.3238650 3.4452359 3.0750069 2.6289393 1.4376024 2.8790676 2.3238650 3.1791056 3.0268210 2.9297866 3.5783505 3.0478290 3.0342158 2.8688980 2.8688980 2.9680086 2.9962670 2.8974205 2.9722345 2.8974205 3.6322713 2.5535507 0.0386173 0.0386173 3.2764639 2.4763510 1.2354196 2.9660131 2.7019864 2.7778949 3.1154992 1.6415795 1.9566835 1.4677201 1.6894254 1.4649405 3.2534448 3.1791056 3.0615628 2.5756043 4.0253836 3.2158095 1.2574192 1.2574192 2.7864615 2.9660131 2.6827476 1.8362540 1.8464967 1.8407068 1.9596872 1.8464967 1.8363090 1.8363090 
GCF_001870665.2_ASM187066v2  0.5782603 0.6844427 0.6968706 0.6418485 0.5887910 0.7389227 0.6384077 3.0290889 0.6137610 0.8107550 2.6176666 3.6728039 2.9969574 1.0559411 0.5909182 1.0320763 1.0320763 0.5909182 2.8758164 0.0000000 0.7675023 3.6678136 0.7563612 1.0351494 1.2208855 0.6342842 0.5973572 0.7812278 0.6968706 2.3144100 0.5226741 0.6342842 0.6216743 0.5773549 0.5898716 1.2935078 0.6142258 0.7299415 0.6427681 0.6427681 0.6995550 0.8386918 0.6860671 0.6883246 0.6860671 0.7120427 0.6796801 2.8250558 2.8250558 0.6025482 0.5938482 2.3914084 0.8115596 0.6621264 0.7173431 0.7144948 3.1099983 2.8187485 2.4779228 3.0437092 2.7614950 0.5510178 0.6216743 0.8508885 0.6418485 0.6269497 0.8803500 2.9686477 2.9686477 0.6370456 0.8115596 0.3783571 2.7865585 2.8259120 2.7503308 2.8238573 2.8259120 2.7713913 2.7713913 
GCF_001886735.1_ASM188673v1  0.5347963 0.4320668 0.4008038 0.4412596 0.8220127 0.7781282 0.4215938 3.1760126 0.7129153 0.4296812 3.3889982 3.4097740 3.7151255 1.0172195 0.8255048 1.0256060 1.0256060 0.8255048 3.1784035 0.7675023 0.0000000 3.6478677 0.3904280 1.0318740 1.0836869 0.4201000 0.3782990 1.0276017 0.4008038 3.0896385 0.6554819 0.4201000 0.8762492 0.6631727 0.3840039 1.0906059 0.8540995 0.4498588 0.5444402 0.5444402 0.4474888 0.5577481 0.3476774 0.3357536 0.3476774 0.5916614 0.4296893 2.8960854 2.8960854 0.4884001 0.4268210 3.2409608 0.8488191 0.4519188 0.5821565 0.3591753 2.8964367 3.1306926 3.3879198 3.1006833 3.3508855 0.6429403 0.8762492 0.4548920 0.4412596 0.4797873 0.3979450 2.7006372 2.7006372 0.4770039 0.8488191 0.7263024 3.1227266 3.2511857 3.1538576 3.1334754 3.2511857 3.2209496 3.2209496 
GCF_001955735.1_ASM195573v1  2.7197185 3.3751174 2.8528405 3.0881023 3.1579004 2.8083847 3.1030360 1.1619759 3.3266213 3.6848786 1.6028633 0.5419903 0.5924846 2.4870801 3.1644918 2.4777925 2.4777925 3.1644918 0.6450848 3.6678136 3.6478677 0.0000000 2.8442553 2.3962881 2.5815407 2.5060245 3.2874328 2.7430250 2.8528405 1.5696621 3.7600719 2.5060245 2.7981806 3.2300709 3.6962866 3.4823004 3.3116834 3.2187499 2.8802091 2.8802091 3.0498318 2.1934818 2.9705293 3.0552588 2.9705293 3.1940567 2.8317559 0.6514129 0.6514129 3.0596871 3.1100473 1.6717545 3.0122566 3.2950917 2.8232239 2.6951102 1.9970873 2.2374537 1.6121998 1.7993002 1.6623783 3.1729319 2.7981806 3.7381071 3.0881023 2.1774515 3.2472751 1.4381559 1.4381559 2.5037462 3.0122566 2.7779911 2.1279985 2.1846985 2.1778310 2.2392225 2.1846985 2.1721761 2.1721761 
GCF_001969365.1_ASM196936v1  0.4964975 0.4822084 0.3890389 0.3958486 0.6695928 0.9219986 0.3523743 3.4923147 0.5963073 0.5332630 2.9615782 2.5931332 3.1235642 1.0292434 0.6705547 1.0049151 1.0049151 0.6705547 2.9346962 0.7563612 0.3904280 2.8442553 0.0000000 1.0109719 1.0362388 0.3836209 0.2859812 0.9085950 0.3890389 2.7816517 0.7144888 0.3836209 0.6719433 0.6307331 0.2812465 1.4215293 0.6697216 0.4142237 0.4871723 0.4871723 0.4716893 0.5012433 0.4082849 0.3731751 0.4082849 0.5060333 0.4517536 2.6558247 2.6558247 0.4263185 0.3243260 3.1262077 1.0076517 0.5250210 0.4986391 0.4572186 2.6374807 3.2308968 3.0092403 2.8308839 2.9905254 0.7078008 0.6719433 0.4483621 0.3958486 0.4686571 0.5246397 2.7784910 2.7784910 0.4537747 1.0076517 0.7255943 3.1388060 3.2809534 3.1816722 3.2338308 3.2809534 3.2585381 3.2585381 
GCF_002073975.1_ASM207397v1  0.8230000 1.0768251 0.9676600 0.9846607 1.0848589 1.1407468 0.9281332 2.7935496 0.6614193 0.9748621 2.1715415 2.3619158 2.3134859 0.0205166 1.0745055 0.0090411 0.0090411 1.0745055 2.7662099 1.0351494 1.0318740 2.3962881 1.0109719 0.0000000 0.2214283 0.9881383 1.0058880 1.2381060 0.9676600 2.0135283 1.1109515 0.9881383 1.1627878 1.0214076 0.9174826 1.6245303 1.0960152 1.0364754 1.1416433 1.1416433 1.2478898 1.1300033 0.9479220 0.8837814 0.9479220 1.3167817 1.1765128 2.7007203 2.7007203 1.1079614 1.0063483 2.4649532 1.1604386 1.0046278 1.2017234 1.0890338 2.5320365 3.3485948 2.0692082 2.4755760 2.2084142 1.0736942 1.1627878 1.1397469 0.9846607 0.9819688 1.1186754 2.1134238 2.1134238 1.2853952 1.1604386 1.0521442 3.1882087 3.3120847 3.3007381 3.3516423 3.3120847 3.2898035 3.2898035 
GCF_002079305.1_ASM207930v1  0.8504755 1.0268648 1.1085801 1.1157913 1.1118917 1.1334911 1.0748782 2.7331622 0.7174975 1.1179275 2.3899480 3.0131393 3.1561850 0.2277267 1.1119631 0.2257125 0.2257125 1.1119631 3.5798143 1.2208855 1.0836869 2.5815407 1.0362388 0.2214283 0.0000000 1.1544703 1.2213401 1.2349876 1.1085801 2.3661404 1.0698034 1.1544703 1.1079257 1.1086469 1.1084615 1.6165490 1.1253090 1.2031753 1.2604812 1.2604812 1.3603941 1.2330832 1.0091974 0.9072512 1.0091974 1.2173655 1.2123025 3.2561122 3.2561122 1.2652968 1.1994799 2.7934207 1.2485779 1.0544042 1.3054878 1.1050968 2.6130012 3.0449289 2.4791414 2.4577627 2.4121992 1.0778865 1.1079257 1.2968505 1.1157913 1.0461909 1.2965379 2.1074206 2.1074206 1.3758190 1.2485779 1.1881595 3.0526276 3.1334391 3.1289222 3.0476006 3.1334391 3.1052032 3.1052032 
GCF_002080415.1_ASM208041v1  0.4791156 0.4789462 0.3894476 0.3910027 0.6911890 0.8796249 0.3794723 2.8485088 0.5403197 0.5988036 2.2034841 2.9815021 2.8223120 0.9656205 0.6921663 0.9742505 0.9742505 0.6921663 2.3238650 0.6342842 0.4201000 2.5060245 0.3836209 0.9881383 1.1544703 0.0000000 0.4530885 0.8801492 0.3894476 2.8618111 0.6597405 0.0000010 0.6530197 0.5068920 0.2958026 1.5211581 0.6956631 0.4242911 0.4780184 0.4780184 0.4998400 0.6802480 0.3206268 0.3086344 0.3206268 0.5714351 0.3548493 2.1644429 2.1644429 0.3662732 0.3591174 3.4263778 0.8617577 0.3585284 0.4183656 0.5113190 3.1419920 3.5792488 2.2957362 3.2224122 2.3424095 0.6782459 0.6530197 0.4484386 0.3910027 0.4584600 0.5365438 3.2611735 3.2611735 0.2907142 0.8617577 0.6640754 3.5561655 3.6506445 3.6966603 3.5826644 3.6506445 3.6246114 3.6246114 
GCF_002158905.1_ASM215890v1  0.5188958 0.5101512 0.4116419 0.4188745 0.7387001 0.8602999 0.3903671 2.5590406 0.5952466 0.4135971 2.5885805 3.1084927 4.1516144 1.0123308 0.7589977 0.9997510 0.9997510 0.7589977 3.4452359 0.5973572 0.3782990 3.2874328 0.2859812 1.0058880 1.2213401 0.4530885 0.0000000 1.0312747 0.4116419 2.7993658 0.7236587 0.4530885 0.7661664 0.6074530 0.2828307 1.3288252 0.7527816 0.4275551 0.5616247 0.5616247 0.6389700 0.5621317 0.4290867 0.4253485 0.4290867 0.5220687 0.4915512 3.2071501 3.2071501 0.4764905 0.3120663 2.6874176 0.9292171 0.4913661 0.4985370 0.3431981 2.2656538 2.8685032 2.4935757 2.3725803 2.5773450 0.7046293 0.7661664 0.5212668 0.4188745 0.5102807 0.4752205 3.0376152 3.0376152 0.4658034 0.9292171 0.6156959 2.7763092 2.8600818 2.7807367 2.8710256 2.8600818 2.8416311 2.8416311 
GCF_002407205.1_ASM240720v1  0.8301862 0.9608493 0.9895894 0.9256638 0.2314466 0.9049488 0.9774362 2.5551720 0.8868253 0.8672260 2.2263473 3.4019533 2.6661585 1.2119500 0.2324951 1.2371238 1.2371238 0.2324951 3.0750069 0.7812278 1.0276017 2.7430250 0.9085950 1.2381060 1.2349876 0.8801492 1.0312747 0.0000000 0.9895894 1.8882798 0.8493207 0.8801492 0.2342893 0.8588909 0.9383358 1.2741392 0.2305026 0.9655846 1.0196965 1.0196965 0.9945181 1.1202937 0.8917197 0.9360665 0.8917197 0.8515029 1.0208585 3.1147460 3.1147460 0.9341510 0.9423418 2.3416750 0.9157332 1.0413833 1.1241341 0.9679858 3.1377772 3.0561063 2.2487602 3.6953252 2.2256759 0.8262924 0.2342893 1.0391818 0.9256638 0.8648658 1.0801612 2.0784899 2.0784899 0.9410678 0.9157332 0.8166685 2.8680193 2.8287461 2.8250264 3.0618235 2.8287461 2.8113419 2.8113419 
GCF_002983865.1_ASM298386v1  0.5899565 0.6378451 0.0000010 0.3655875 0.7199405 0.8849345 0.0581598 3.0597699 0.6554642 0.5490322 3.1662399 3.3811952 2.9050942 0.8929733 0.7192119 0.9426446 0.9426446 0.7192119 2.6289393 0.6968706 0.4008038 2.8528405 0.3890389 0.9676600 1.1085801 0.3894476 0.4116419 0.9895894 0.0000000 2.9322874 0.7293845 0.3894476 0.7500517 0.7341773 0.4093810 1.7167905 0.7189394 0.4900837 0.5740263 0.5740263 0.5552234 0.6622766 0.4040789 0.3773901 0.4040789 0.6126668 0.4269419 2.5698775 2.5698775 0.5135093 0.2740788 3.2950101 0.9141028 0.4348775 0.5845311 0.4641157 2.6471525 3.0676691 3.0910899 3.0089637 3.0951495 0.6631078 0.7500517 0.6107226 0.3655875 0.6553914 0.5112309 3.5781580 3.5781580 0.4162510 0.9141028 0.7863111 3.0695376 3.2558255 3.1585549 3.0703411 3.2558255 3.2338368 3.2338368 
GCF_003065365.1_ASM306536v1  2.3008734 2.9110412 2.9322874 2.6548309 2.0869589 2.0071998 2.9761663 1.1088351 2.3393716 2.7463778 0.4743892 1.3647574 1.3106281 1.9578336 2.0866144 2.0274352 2.0274352 2.0866144 1.4376024 2.3144100 3.0896385 1.5696621 2.7816517 2.0135283 2.3661404 2.8618111 2.7993658 1.8882798 2.9322874 0.0000000 2.4821884 2.8618111 2.0895897 2.4573448 3.1599020 3.2720805 2.1151555 3.6098262 2.6291634 2.6291634 2.7999314 2.5414906 2.6462661 2.6994059 2.6462661 3.8359909 2.9453715 1.3226464 1.3226464 2.9682767 2.4538719 0.5430012 1.9845675 3.5465746 3.3601862 2.8211097 0.9741522 0.8758493 0.4925136 0.9261780 0.4758361 2.0576525 2.0895897 3.1949125 2.6548309 2.6777181 2.9694176 0.5920024 0.5920024 3.2791881 1.9845675 2.4405072 0.8803617 0.8667555 0.8639974 0.8768596 0.8667555 0.8626927 0.8626927 
GCF_003071405.1_ASM307140v1  0.6373828 0.7251153 0.7293845 0.5980186 0.6599991 0.4546170 0.6803208 2.4222909 0.7060444 0.9900253 3.0984385 2.9857744 2.9658439 1.1296571 0.6629922 1.1138796 1.1138796 0.6629922 2.8790676 0.5226741 0.6554819 3.7600719 0.7144888 1.1109515 1.0698034 0.6597405 0.7236587 0.8493207 0.7293845 2.4821884 0.0000000 0.6597405 0.6260153 0.3993992 0.6155583 1.4789945 0.6715070 0.6126505 0.6831152 0.6831152 0.7978032 0.8539616 0.6645079 0.6517176 0.6645079 0.6233620 0.7193117 2.6777510 2.6777510 0.6062069 0.7017211 2.4846744 0.4779259 0.5945318 0.7685757 0.6075901 2.4864276 2.4217008 3.1939557 2.7405530 3.3084167 0.4826381 0.6260153 0.6763524 0.5980186 0.7460884 0.7433456 2.6733439 2.6733439 0.6528125 0.4779259 0.6041068 2.2867982 2.2114378 2.1599305 2.3743134 2.2114378 2.2888327 2.2888327 
GCF_003288315.1_ASM328831v1  0.4791156 0.4789462 0.3894476 0.3910027 0.6911890 0.8796249 0.3794723 2.8485088 0.5403197 0.5988036 2.2034841 2.9815021 2.8223120 0.9656205 0.6921663 0.9742505 0.9742505 0.6921663 2.3238650 0.6342842 0.4201000 2.5060245 0.3836209 0.9881383 1.1544703 0.0000010 0.4530885 0.8801492 0.3894476 2.8618111 0.6597405 0.0000000 0.6530197 0.5068920 0.2958026 1.5211581 0.6956631 0.4242911 0.4780184 0.4780184 0.4998400 0.6802480 0.3206268 0.3086344 0.3206268 0.5714351 0.3548493 2.1644429 2.1644429 0.3662732 0.3591174 3.4263778 0.8617577 0.3585284 0.4183656 0.5113190 3.1419920 3.5792488 2.2957362 3.2224122 2.3424095 0.6782459 0.6530197 0.4484386 0.3910027 0.4584600 0.5365438 3.2611735 3.2611735 0.2907142 0.8617577 0.6640754 3.5561655 3.6506445 3.6966603 3.5826644 3.6506445 3.6246114 3.6246114 
GCF_003429265.1_ASM342926v1  0.6819111 0.7439731 0.7500517 0.6887902 0.0499457 0.8017912 0.7426808 2.3793604 0.6873972 0.8023719 2.8781357 3.4836857 2.6767127 1.1330430 0.0499681 1.1616944 1.1616944 0.0499681 3.1791056 0.6216743 0.8762492 2.7981806 0.6719433 1.1627878 1.1079257 0.6530197 0.7661664 0.2342893 0.7500517 2.0895897 0.6260153 0.6530197 0.0000000 0.6234084 0.7120236 1.4889951 0.0550735 0.7667539 0.7968287 0.7968287 0.8299647 0.9219073 0.7502890 0.7368651 0.7502890 0.6950965 0.7235619 3.1613682 3.1613682 0.7312227 0.6763715 2.4584710 0.8411375 0.7618173 0.8767332 0.7337651 3.3136085 2.6796742 2.9105464 3.5562592 2.8078163 0.5862021 0.0000010 0.8629751 0.6887902 0.7555123 0.8956728 2.7716275 2.7716275 0.7970192 0.8411375 0.6287704 2.5049485 2.4304936 2.4551073 2.6844046 2.4304936 2.4163095 2.4163095 
GCF_003940805.1_ASM394080v1  0.4826736 0.6450108 0.7341773 0.5550512 0.6275020 0.5060631 0.6719995 2.5964167 0.6210365 0.7331549 2.7424602 2.7910110 3.0752582 1.0169194 0.6326148 0.9904128 0.9904128 0.6326148 3.0268210 0.5773549 0.6631727 3.2300709 0.6307331 1.0214076 1.1086469 0.5068920 0.6074530 0.8588909 0.7341773 2.4573448 0.3993992 0.5068920 0.6234084 0.0000000 0.5723595 1.6480232 0.6297484 0.5758495 0.6715673 0.6715673 0.6789575 0.8378776 0.5803786 0.5595704 0.5803786 0.6047871 0.5855021 2.7277763 2.7277763 0.5972225 0.7245969 3.0646165 0.5022815 0.5686481 0.5270733 0.6246482 2.8169250 3.1965712 2.7695733 2.5887904 2.8210947 0.4743661 0.6234084 0.7569615 0.5550512 0.5763071 0.7198660 2.9855248 2.9855248 0.4269625 0.5022815 0.5657046 3.1270511 3.0956029 3.0055223 3.2028227 3.0956029 3.0750229 3.0750229 
GCF_004216475.1_ASM421647v1  0.4651731 0.4779907 0.4093810 0.3110693 0.6821581 0.8156545 0.3766549 3.6636245 0.4540250 0.5203023 2.7426556 3.3975046 3.6921948 0.9133128 0.6661782 0.8897346 0.8897346 0.6661782 2.9297866 0.5898716 0.3840039 3.6962866 0.2812465 0.9174826 1.1084615 0.2958026 0.2828307 0.9383358 0.4093810 3.1599020 0.6155583 0.2958026 0.7120236 0.5723595 0.0000000 1.5393903 0.6694467 0.3541888 0.4406874 0.4406874 0.4495493 0.6340571 0.3759355 0.3477219 0.3759355 0.5581445 0.4609924 2.8348397 2.8348397 0.4442413 0.3158404 3.0293543 0.7907292 0.3923941 0.5427429 0.4510401 3.2031933 3.5812671 2.7836867 3.5622277 2.7796789 0.6894322 0.7120236 0.4052368 0.3110693 0.5686521 0.5862443 3.1075966 3.1075966 0.3720046 0.7907292 0.6278881 3.4559020 3.5878648 3.4742471 3.5846761 3.5878648 3.5626527 3.5626527 
GCF_004331955.1_ASM433195v1  1.2435578 1.2632344 1.7167905 1.2909011 1.5635535 1.4470368 1.6295676 3.6874840 1.4251602 1.5228800 2.8673820 3.4934673 3.6624761 1.6391278 1.5688630 1.6185336 1.6185336 1.5688630 3.5783505 1.2935078 1.0906059 3.4823004 1.4215293 1.6245303 1.6165490 1.5211581 1.3288252 1.2741392 1.7167905 3.2720805 1.4789945 1.5211581 1.4889951 1.6480232 1.5393903 0.0000000 1.5832343 1.5401658 1.4653391 1.4653391 1.4980803 1.7572849 1.3202154 1.3001277 1.3202154 1.8162667 1.5629929 3.4548543 3.4548543 1.4090723 1.3687275 3.7457897 1.6109153 1.4921714 1.3509172 1.1310387 3.7545816 4.7316721 2.7481170 3.7680659 3.0181839 1.6648373 1.4889951 1.3693494 1.2909011 1.0532017 1.1417907 3.7928409 3.7928409 1.8777323 1.6109153 1.4670749 3.9679374 4.0898131 4.0748279 4.7433075 4.0898131 4.0485072 4.0485072 
GCF_005311585.1_ASM531158v1  0.6694443 0.7026487 0.7189394 0.6610832 0.0174739 0.7416690 0.7214342 2.4906064 0.6440992 0.8024911 2.7697409 3.9186378 2.8634959 1.0858927 0.0130426 1.0948355 1.0948355 0.0130426 3.0478290 0.6142258 0.8540995 3.3116834 0.6697216 1.0960152 1.1253090 0.6956631 0.7527816 0.2305026 0.7189394 2.1151555 0.6715070 0.6956631 0.0550735 0.6297484 0.6694467 1.5832343 0.0000000 0.7520791 0.8325961 0.8325961 0.8156011 0.9142773 0.7250508 0.7122056 0.7250508 0.6678110 0.7141199 3.0353051 3.0353051 0.6961669 0.6712488 2.5256006 0.7781252 0.7693535 0.8555009 0.7663529 3.2039730 3.0015829 2.8181210 3.7043220 2.7192440 0.6689256 0.0550735 0.8856425 0.6610832 0.7491450 0.8615528 2.5753336 2.5753336 0.7338246 0.7781252 0.6235671 2.8284244 2.7908162 2.8208320 3.0072240 2.7908162 2.7736661 2.7736661 
GCF_008728195.1_ASM872819v1  0.4405894 0.4518731 0.4900837 0.4867588 0.7392487 0.7926883 0.4654434 2.9937773 0.5671417 0.5593297 2.5961900 2.8408086 3.2063702 1.0475486 0.7430448 0.9991363 0.9991363 0.7430448 3.0342158 0.7299415 0.4498588 3.2187499 0.4142237 1.0364754 1.2031753 0.4242911 0.4275551 0.9655846 0.4900837 3.6098262 0.6126505 0.4242911 0.7667539 0.5758495 0.3541888 1.5401658 0.7520791 0.0000000 0.5812574 0.5812574 0.5690549 0.5597997 0.2934093 0.2923371 0.2934093 0.4601151 0.3702935 2.6236685 2.6236685 0.3916920 0.4208065 2.6631160 0.8247217 0.4402886 0.4243434 0.5741366 2.4408695 2.9754710 2.4169184 2.7937681 2.6043860 0.6512610 0.7667539 0.3999010 0.4867588 0.4890318 0.5644607 2.9967670 2.9967670 0.3660832 0.8247217 0.6475946 3.0087171 3.1535376 3.0447503 2.9818287 3.1535376 3.0493577 3.0493577 
GCF_009363255.1_ASM936325v1  0.6188757 0.5070070 0.5740263 0.4747598 0.8298870 0.7404531 0.5831110 3.1019102 0.5888730 0.8053164 2.5565669 3.3532427 3.3109863 1.1446175 0.8289381 1.1490189 1.1490189 0.8289381 2.8688980 0.6427681 0.5444402 2.8802091 0.4871723 1.1416433 1.2604812 0.4780184 0.5616247 1.0196965 0.5740263 2.6291634 0.6831152 0.4780184 0.7968287 0.6715673 0.4406874 1.4653391 0.8325961 0.5812574 0.0000000 0.0000010 0.3364102 0.5975826 0.6234484 0.6044066 0.6234484 0.6649836 0.5369476 2.6081614 2.6081614 0.5287040 0.5336236 2.5608982 0.7677163 0.5407995 0.6672450 0.5830219 2.4378602 3.2550078 2.5328902 2.8227796 2.5677421 0.6573322 0.7968287 0.5658881 0.4747598 0.5898631 0.6521347 2.8155929 2.8155929 0.5176531 0.7677163 0.7156424 2.9304771 3.0443365 2.9574042 3.2579271 3.0443365 3.0244098 3.0244098 
GCF_009363495.1_ASM936349v1  0.6188757 0.5070070 0.5740263 0.4747598 0.8298870 0.7404531 0.5831110 3.1019102 0.5888730 0.8053164 2.5565669 3.3532427 3.3109863 1.1446175 0.8289381 1.1490189 1.1490189 0.8289381 2.8688980 0.6427681 0.5444402 2.8802091 0.4871723 1.1416433 1.2604812 0.4780184 0.5616247 1.0196965 0.5740263 2.6291634 0.6831152 0.4780184 0.7968287 0.6715673 0.4406874 1.4653391 0.8325961 0.5812574 0.0000010 0.0000000 0.3364102 0.5975826 0.6234484 0.6044066 0.6234484 0.6649836 0.5369476 2.6081614 2.6081614 0.5287040 0.5336236 2.5608982 0.7677163 0.5407995 0.6672450 0.5830219 2.4378602 3.2550078 2.5328902 2.8227796 2.5677421 0.6573322 0.7968287 0.5658881 0.4747598 0.5898631 0.6521347 2.8155929 2.8155929 0.5176531 0.7677163 0.7156424 2.9304771 3.0443365 2.9574042 3.2579271 3.0443365 3.0244098 3.0244098 
GCF_009363575.1_ASM936357v1  0.6265810 0.5751900 0.5552234 0.5159320 0.8346109 0.8130711 0.5491302 2.7821072 0.6830674 0.8111664 2.7067448 2.7125457 3.0845414 1.2692028 0.8370131 1.2590136 1.2590136 0.8370131 2.9680086 0.6995550 0.4474888 3.0498318 0.4716893 1.2478898 1.3603941 0.4998400 0.6389700 0.9945181 0.5552234 2.7999314 0.7978032 0.4998400 0.8299647 0.6789575 0.4495493 1.4980803 0.8156011 0.5690549 0.3364102 0.3364102 0.0000000 0.5615342 0.5125073 0.4847242 0.5125073 0.7167826 0.4860811 2.8343012 2.8343012 0.5238597 0.5136698 2.7287496 0.8734124 0.5545995 0.7347783 0.6142027 2.7760317 2.9229354 2.6935343 3.0108572 2.5238726 0.6699813 0.8299647 0.5498731 0.5159320 0.5672239 0.7103432 2.9674251 2.9674251 0.5204811 0.8734124 0.6316839 2.9322817 3.0078486 2.9228730 2.9283535 3.0078486 2.9883216 2.9883216 
GCF_009363615.1_ASM936361v1  0.6305500 0.8071149 0.6622766 0.8158816 0.8858596 1.1078791 0.5976449 3.2212829 0.8666741 0.6845799 1.9194800 2.5093492 3.0759464 1.1832031 0.8767483 1.1228230 1.1228230 0.8767483 2.9962670 0.8386918 0.5577481 2.1934818 0.5012433 1.1300033 1.2330832 0.6802480 0.5621317 1.1202937 0.6622766 2.5414906 0.8539616 0.6802480 0.9219073 0.8378776 0.6340571 1.7572849 0.9142773 0.5597997 0.5975826 0.5975826 0.5615342 0.0000000 0.5584302 0.5724698 0.5584302 0.7433162 0.5630976 2.8286829 2.8286829 0.6662480 0.6160665 2.3665620 1.1283721 0.7586770 0.6516888 0.7973738 2.4527331 3.0016992 1.9612705 2.4148747 1.8803224 0.7440266 0.9219073 0.7228734 0.8158816 0.5785433 0.7575903 2.3663421 2.3663421 0.6029646 1.1283721 0.8596693 2.8017868 3.0443826 3.0332033 3.0077370 3.0443826 2.9100323 2.9100323 
GCF_009363655.1_ASM936365v1  0.4233245 0.4471451 0.4040789 0.4494491 0.7127569 0.8406309 0.4088524 2.9064994 0.5146923 0.4837471 2.5707822 3.2358145 3.6448992 0.9299348 0.7159026 0.9193740 0.9193740 0.7159026 2.8974205 0.6860671 0.3476774 2.9705293 0.4082849 0.9479220 1.0091974 0.3206268 0.4290867 0.8917197 0.4040789 2.6462661 0.6645079 0.3206268 0.7502890 0.5803786 0.3759355 1.3202154 0.7250508 0.2934093 0.6234484 0.6234484 0.5125073 0.5584302 0.0000000 0.0315721 0.0000010 0.4887629 0.3235997 2.5332288 2.5332288 0.4387084 0.3758096 2.5966045 0.8306429 0.4015433 0.4486369 0.4886632 2.7552452 2.9471466 2.6292692 2.8961310 2.6499392 0.7318821 0.7502890 0.4183285 0.4494491 0.4851036 0.4927318 2.5393984 2.5393984 0.3056535 0.8306429 0.6015191 3.0929526 3.2602276 3.1632709 2.9527176 3.2602276 3.2383233 3.2383233 
GCF_009363715.1_ASM936371v1  0.3961726 0.4209381 0.3773901 0.4705297 0.7001467 0.7711970 0.3849406 2.9249665 0.4866853 0.4920772 2.5337571 3.2756048 3.8530504 0.8669746 0.7032452 0.8571953 0.8571953 0.7032452 2.9722345 0.6883246 0.3357536 3.0552588 0.3731751 0.8837814 0.9072512 0.3086344 0.4253485 0.9360665 0.3773901 2.6994059 0.6517176 0.3086344 0.7368651 0.5595704 0.3477219 1.3001277 0.7122056 0.2923371 0.6044066 0.6044066 0.4847242 0.5724698 0.0315721 0.0000000 0.0315721 0.5068842 0.3311237 2.5927059 2.5927059 0.4257945 0.3479134 2.7618396 0.8010853 0.4217769 0.4377298 0.4640330 2.6047796 3.0520602 2.5908142 2.8728604 2.5992612 0.7061040 0.7368651 0.4155094 0.4705297 0.4644864 0.4774837 2.6278417 2.6278417 0.3027598 0.8010853 0.6185212 3.2014823 3.3767502 3.2743443 3.0579236 3.3767502 3.3537784 3.3537784 
GCF_009363735.1_ASM936373v1  0.4233245 0.4471451 0.4040789 0.4494491 0.7127569 0.8406309 0.4088524 2.9064994 0.5146923 0.4837471 2.5707822 3.2358145 3.6448992 0.9299348 0.7159026 0.9193740 0.9193740 0.7159026 2.8974205 0.6860671 0.3476774 2.9705293 0.4082849 0.9479220 1.0091974 0.3206268 0.4290867 0.8917197 0.4040789 2.6462661 0.6645079 0.3206268 0.7502890 0.5803786 0.3759355 1.3202154 0.7250508 0.2934093 0.6234484 0.6234484 0.5125073 0.5584302 0.0000010 0.0315721 0.0000000 0.4887629 0.3235997 2.5332288 2.5332288 0.4387084 0.3758096 2.5966045 0.8306429 0.4015433 0.4486369 0.4886632 2.7552452 2.9471466 2.6292692 2.8961310 2.6499392 0.7318821 0.7502890 0.4183285 0.4494491 0.4851036 0.4927318 2.5393984 2.5393984 0.3056535 0.8306429 0.6015191 3.0929526 3.2602276 3.1632709 2.9527176 3.2602276 3.2383233 3.2383233 
GCF_009363795.1_ASM936379v1  0.6965737 0.5655909 0.6126668 0.5855063 0.6901566 0.8051620 0.6311144 3.7523115 0.7660473 0.8486829 3.0665833 5.5738922 4.6268314 1.3262001 0.6926722 1.3087035 1.3087035 0.6926722 3.6322713 0.7120427 0.5916614 3.1940567 0.5060333 1.3167817 1.2173655 0.5714351 0.5220687 0.8515029 0.6126668 3.8359909 0.6233620 0.5714351 0.6950965 0.6047871 0.5581445 1.8162667 0.6678110 0.4601151 0.6649836 0.6649836 0.7167826 0.7433162 0.4887629 0.5068842 0.4887629 0.0000000 0.5686689 3.4880383 3.4880383 0.5217556 0.5365000 4.2457986 0.8524660 0.6369676 0.6191465 0.6407198 3.2032311 4.7064053 2.9776772 3.4228214 3.2016269 0.6299297 0.6950965 0.6429421 0.5855063 0.5053122 0.7051437 3.5913424 3.5913424 0.5392741 0.8524660 0.6850374 4.5274389 4.5241577 4.3433992 4.5662241 4.5241577 4.5056178 4.5056178 
GCF_009762325.1_ASM976232v1  0.4786824 0.4963897 0.4269419 0.4618392 0.6823608 0.9124839 0.4003322 3.0024597 0.5802929 0.5488994 2.5216421 2.9580450 3.7389708 1.1226257 0.6856526 1.1380059 1.1380059 0.6856526 2.5535507 0.6796801 0.4296893 2.8317559 0.4517536 1.1765128 1.2123025 0.3548493 0.4915512 1.0208585 0.4269419 2.9453715 0.7193117 0.3548493 0.7235619 0.5855021 0.4609924 1.5629929 0.7141199 0.3702935 0.5369476 0.5369476 0.4860811 0.5630976 0.3235997 0.3311237 0.3235997 0.5686689 0.0000000 2.2884710 2.2884710 0.5040829 0.3723903 3.3995770 0.9384923 0.4463827 0.4643809 0.4942342 2.8719225 3.1113399 2.4995856 3.1174105 2.6633236 0.5658197 0.7235619 0.4605222 0.4618392 0.4619533 0.5676327 3.5883844 3.5883844 0.3408336 0.9384923 0.7380609 3.0592681 3.2802475 3.1760147 3.1141931 3.2802475 3.2479123 3.2479123 
GCF_009859815.1_ASM985981v1  2.8611178 3.6879855 2.5698775 2.3429752 3.0609889 2.7414879 2.3926887 1.4423418 3.7937478 2.6609988 1.4398634 0.5584387 0.6305528 2.8705929 3.0663241 2.7514231 2.7514231 3.0663241 0.0386173 2.8250558 2.8960854 0.6514129 2.6558247 2.7007203 3.2561122 2.1644429 3.2071501 3.1147460 2.5698775 1.3226464 2.6777510 2.1644429 3.1613682 2.7277763 2.8348397 3.4548543 3.0353051 2.6236685 2.6081614 2.6081614 2.8343012 2.8286829 2.5332288 2.5927059 2.5332288 3.4880383 2.2884710 0.0000000 0.0000010 3.0158953 2.3487423 1.1966564 2.6956628 2.4704833 2.5406107 2.8606724 1.5907607 1.9663131 1.4662128 1.6674266 1.4868014 2.9868060 3.1613682 2.8951720 2.3429752 3.7647119 2.9232420 1.2877429 1.2877429 2.4981833 2.6956628 2.5573313 1.8497381 1.8273128 1.8215740 1.9693326 1.8273128 1.8172386 1.8172386 
