216
GCA_011765465.1_ASM1176546v1                 0.0000000 1.1513060 0.5651518 0.3451716 0.9466419 1.1829194 1.2961906 1.1161358 0.8276559 1.1409607 0.9060962 1.0105817 1.0527401 0.9498610 0.9752201 1.2679827 1.0367554 0.9143669 0.9218889 1.0465543 0.9218889 0.7286372 1.3261435 0.9709128 1.3165675 1.2040874 0.9395634 1.1346830 1.0227702 0.6746126 1.1116948 1.2093981 1.0508060 0.6367925 1.4709681 0.1383511 1.1546911 1.2130274 1.2328397 0.9214630 0.9759859 1.1635798 1.2769823 1.1679741 1.1679741 0.1903117 0.1699190 1.2769823 1.0719654 1.1840187 0.3736433 0.8480697 1.2738902 0.0224959 0.1530002 1.0610357 1.2192003 1.1995453 1.0375956 1.3630561 1.1731656 0.9374953 0.8339519 1.1574692 1.1851658 1.1859808 0.9334799 1.2313318 0.9024099 0.9233985 1.2459918 1.1949961 0.1483354 1.2961906 0.9349442 0.9659374 1.4070324 1.4223453 1.1576946 1.1969750 1.0228732 1.0234384 1.0235353 0.1316995 1.1859808 1.3350008 1.3457161 0.3637913 1.0139346 1.4066812 0.9384699 0.9059439 1.0715194 1.0535315 1.1005145 0.7473482 1.2524595 1.1970582 0.1479340 0.9109739 0.9703748 0.9237119 0.3041340 1.1504633 1.2537965 1.2485981 1.1326530 0.9074157 1.3055858 1.3055858 1.1762993 1.1968211 0.1653355 1.1171035 1.1175342 1.1562151 1.1484777 1.2852788 1.0614838 0.4644737 1.2174661 1.2083499 0.5631113 1.2083499 1.2567866 0.7391145 0.2057245 1.0770002 1.2613763 0.9168329 1.5805353 0.6768919 0.3386997 0.9752201 0.5932068 1.0207598 1.3479442 1.3197541 0.9709128 1.2049331 1.1633739 1.3318186 1.1337724 0.9830217 0.9734444 0.3890427 0.8127318 1.3759551 0.1363451 1.5373361 1.8559804 1.4641442 1.6165150 1.4805070 0.7079496 0.8308175 0.7181504 0.7012409 1.6029302 0.2081892 1.1005980 0.6154622 1.1148223 0.8978675 1.0312617 1.3457161 1.0617425 1.0062538 0.3566868 1.0610357 1.3420905 1.0271439 1.1293639 0.9626886 1.3314427 1.0273956 1.1604134 0.5482527 1.0608509 1.1409607 1.1667933 0.0929963 0.5449046 0.5230030 0.5641336 1.3568005 1.3156664 1.2940538 0.9349442 0.9371688 1.1470887 0.1757222 0.6276422 0.5655587 1.1136609 0.7953543 1.0221013 1.3661264 1.3661264 0.1632977 1.2673734 1.1878358 1.0235353 1.0105817 0.9861937 0.9294687 1.0314856 0.9060962 1.8075049 1.8393789 1.8393789 1.8137262 1.0702431 0.9334799 1.0568794 1.0867898 
GCA_015693905.1_ASM1569390v1                 1.1513060 0.0000000 1.2393462 1.1126510 1.2298112 0.1854275 0.2079237 1.1775422 1.1299648 0.2512635 0.8501299 1.0617416 0.9960035 0.8703114 1.4421133 0.5349207 1.1018378 0.8629574 0.8516730 1.1387116 0.8516730 1.2223851 0.2283499 1.4176153 1.5967004 1.9078378 1.2242210 1.1930716 0.9578005 1.1112923 0.1467846 0.2955781 0.9847036 1.1675764 1.6901849 1.2295847 1.8593346 1.7262687 2.6418396 0.8591181 1.0666729 0.2720978 0.5288576 0.2682343 0.2682343 1.1263853 1.1844251 0.5288576 1.7249968 1.8911103 1.0833300 1.0670325 0.9458833 1.1361956 1.1167677 0.9961973 0.4544395 0.2925527 0.9690103 2.1520878 0.1511029 0.8655907 1.3109967 0.2346084 0.2686265 0.1542335 0.8704180 0.3040618 1.2451289 0.9181261 0.4929791 1.0278193 1.1957257 0.2079237 1.3972773 1.4193510 1.5098855 0.5247367 1.0475830 1.1646682 1.0900149 1.0910766 0.9594802 1.0531092 0.1542335 1.3546079 0.5422824 1.0856110 1.0086528 0.4137745 0.9428830 1.2397373 1.6784704 0.2370094 0.7902860 1.0726209 0.5353729 0.8989576 1.0849479 0.8378712 1.3889661 1.2024039 1.4462083 0.9592256 0.9320061 0.2577988 1.4507690 1.2695086 0.2557710 0.2557710 0.2831882 0.2132974 1.0893225 0.2702147 0.2851052 0.2709565 0.4018765 0.9373658 0.9795947 1.0672215 0.1907123 1.9299361 1.2471479 1.9299361 0.2201516 1.5642064 1.0983218 1.7893936 0.2199272 0.8751108 1.8144365 1.1492547 1.0650383 1.4421133 1.2337983 0.9389767 0.4702979 0.4424559 1.4176153 1.5256492 1.5195618 0.9519871 1.4516402 1.2329163 1.0600849 0.9523618 1.2522467 0.3560734 1.1584645 1.7078310 1.9822074 1.6636534 1.8722169 1.7240865 1.0923206 1.1325318 1.0867840 1.2703288 0.5401258 1.0749876 1.1067427 1.2254737 1.0952075 0.8377501 1.0753619 0.5422824 0.8663506 0.9463340 1.1419631 0.9961973 0.5491316 1.0073828 0.2511251 0.9320638 1.6159992 1.3684483 1.4579808 1.5077757 1.0474433 0.2512635 2.0595836 1.1259102 1.1309504 1.2911525 1.3157030 0.2529226 0.3478542 2.6937861 1.3972773 1.3972773 1.0218827 1.1444473 1.2462085 1.1479849 0.8752907 1.2522594 1.0849428 1.5397167 1.5397167 1.2365404 0.2086494 0.4886279 0.9594802 1.0617416 1.0598391 0.8485417 1.2536099 0.8501299 2.0471121 2.0239307 2.0239307 1.9743715 1.1216979 0.8704180 1.5993382 1.4023305 
GCA_019285715.1_ASM1928571v1                 0.5651518 1.2393462 0.0000000 0.5799676 0.8381265 1.0876836 1.2852145 0.8451960 0.8249944 1.1921158 0.7657323 0.8193623 0.8117182 0.8134534 0.8796952 1.1220168 0.8996458 0.7774374 0.7669222 0.7231140 0.7669222 0.7791802 1.3989834 0.8659164 1.1444396 1.3574895 0.8230193 0.8913357 0.7269137 0.4449417 1.1500111 1.2540251 0.7676268 0.4829550 1.3164473 0.5194293 1.0658694 1.1518775 1.4439503 0.7567269 0.9097441 1.1110165 1.1295061 1.1221146 1.1221146 0.5383932 0.5423688 1.1295061 1.2008552 1.2939185 0.6119436 0.7709889 1.2022236 0.5697921 0.5698476 0.7950903 1.0067768 1.0795499 0.7459464 1.5141701 1.1190875 0.7909996 0.7587283 1.0890313 1.2883669 1.1446937 0.7947166 1.2705625 0.8046256 0.7988260 1.2258379 1.1058481 0.5353605 1.2852145 0.8193855 0.8650838 1.1505019 1.1640235 0.7792423 0.6925325 0.8913015 0.8825113 0.7479676 0.5243901 1.1446937 1.0600200 1.1934651 0.6248376 0.7672387 1.0555474 0.8963617 0.8713554 0.9783667 1.2480034 0.9619512 0.5371854 1.1372022 0.9928316 0.5397188 0.7833586 0.8501168 0.8130670 0.7568769 0.7549199 1.1744834 1.1319552 0.8704534 0.7794251 1.0580084 1.0580084 1.0599308 1.2035575 0.5641210 1.0938165 1.0987920 1.0602796 1.2110197 1.2130940 0.8042577 0.5834376 1.0949511 1.3033572 0.6664647 1.3033572 1.1368363 0.8440105 0.5564186 0.9463826 1.2056635 0.8757832 1.2432740 0.5293846 0.5439380 0.8796952 0.5857601 0.8618253 1.1694736 1.1643308 0.8659164 0.8687090 0.8690825 1.2481739 0.8526548 0.7733912 0.8574621 0.6049153 0.7431600 1.3689075 0.5150341 1.1836245 1.4798332 1.2746166 1.1634024 1.2458107 0.7367083 0.9278737 0.7432049 0.5223807 1.3695352 0.5487406 0.9222249 0.4322543 0.8515141 0.7433577 0.9016893 1.1934651 0.8491801 0.7933015 0.5505255 0.7950903 1.2098723 0.7769457 1.0276643 0.7703802 1.1785755 0.9848751 1.1567550 0.6666286 0.7988374 1.1921158 1.2374902 0.5325440 0.5517949 0.5203655 0.3932572 1.3776253 1.3818967 1.4023257 0.8193855 0.8316284 0.7648064 0.5595702 0.4585986 0.5654513 0.8553313 0.7310448 0.9647117 1.1969876 1.1969876 0.5696749 1.1455911 0.9437057 0.7479676 0.8193623 0.8317404 0.7733925 0.7391361 0.7657323 1.4206817 1.4029910 1.4029910 1.4395751 0.8257439 0.7947166 0.8165948 0.9351068 
GCA_019739335.1_ASM1973933v1                 0.3451716 1.1126510 0.5799676 0.0000000 1.0321795 1.2117086 1.4735704 1.1147290 0.9594753 1.2077427 0.9798024 1.0310155 0.8855845 1.0873846 1.1282191 1.1837435 1.2078442 0.9866819 0.9731689 1.0374067 0.9731689 0.9556560 1.5788728 1.1230054 1.3396105 1.2199109 1.1599771 1.1394755 0.8783376 0.7104945 1.0407628 1.0786319 0.9464461 0.6839458 1.7327737 0.3490953 1.1406628 1.1685463 1.5333574 0.9871494 1.0174100 1.1189167 1.1603036 1.0817707 1.0817707 0.2812233 0.3546498 1.1603036 1.3384679 1.2990067 0.3806315 1.1526173 1.4960795 0.3186013 0.3118221 0.8820242 1.1865011 1.0028123 0.9346530 1.4440358 1.2458833 1.0031849 1.0613641 1.1067005 1.0274500 1.2667294 0.9776476 1.3216746 1.1444966 1.0311698 1.2428530 1.3117133 0.3198474 1.4735704 1.1428221 1.1827792 1.4617069 1.4549550 1.0111681 1.0494559 0.9592487 1.0288284 0.9218837 0.2464429 1.2667294 1.4047648 1.2710581 0.3886377 1.1576779 1.3852256 1.0873771 1.0450324 1.4016248 1.2521889 1.2177263 0.7318638 1.1499302 1.4611657 0.3062053 1.0336173 1.1877654 1.1451742 0.3554419 0.9215731 1.5532077 1.1203693 1.2803310 1.0824863 1.3171594 1.3171594 1.2476082 1.2900429 0.2817186 1.3317162 1.3329527 1.2928436 1.1676592 1.5099754 1.1253288 0.3712512 1.2401099 1.2592510 0.6386937 1.2592510 1.2075225 0.8452134 0.2835582 1.3455970 1.4238186 1.1192349 1.8065236 0.6854614 0.5158629 1.1282191 0.5872942 1.2076705 1.3177436 1.3217561 1.1230054 1.3143768 1.3157492 1.5551276 1.2530606 1.0826376 0.9777585 0.4893628 0.9843564 1.1179207 0.3064591 1.5643339 1.5302492 1.6918075 1.5935598 1.6603652 0.8282047 1.1877509 0.8215010 0.6400591 1.5372779 0.3485969 1.1206336 0.6763806 1.0863063 0.9741180 0.9807906 1.2710581 0.9131144 0.8827698 0.3933769 0.8820242 1.2677142 1.1589788 1.1302900 0.8787872 1.3806918 1.2767716 1.3201759 0.6639365 0.9292874 1.2077427 1.4092605 0.2969195 0.5188907 0.5701393 0.5587135 1.4794033 1.1055466 1.5472623 1.1428221 1.1550406 1.1497817 0.3164979 0.7033790 0.5220408 1.0927205 0.9753306 1.0925551 1.4660090 1.4660090 0.3311092 1.3835977 1.1344913 0.9218837 1.0310155 0.9611354 0.9813505 1.0911145 0.9798024 1.4997240 1.4878151 1.4878151 1.4976313 1.0938852 0.9776476 1.1595321 1.0731472 
GCF_000013365.1_ASM1336v1                    0.9466419 1.2298112 0.8381265 1.0321795 0.0000000 1.5305794 1.4078394 0.3459499 0.7171855 1.2503021 0.6883919 0.7153109 0.7276796 0.6888131 0.0599253 1.4162122 0.8144568 0.7152566 0.6914628 0.3322029 0.6914628 0.7486231 1.4804951 0.0622417 0.9986777 1.2415628 0.2488100 0.3518965 0.7067219 0.8652476 1.3116427 1.4326783 0.7189596 0.8737916 1.2219842 0.9482570 1.2258632 1.2546971 1.1433117 0.7065587 0.7765199 1.2117953 1.3802719 1.2451477 1.2451477 1.0592675 0.9759885 1.3802719 1.0363847 1.2456518 1.0296977 0.8057702 1.1603926 0.9565639 0.9182111 0.7276538 1.1793288 1.4011569 0.7144896 1.1559946 1.3440334 0.7021843 0.7924561 1.1332163 1.3580535 1.2586071 0.7159016 1.3224044 0.2679585 0.6674093 1.3110583 1.3191018 1.0065932 1.4078394 0.0576647 0.0663074 0.8607155 1.2948436 0.7326457 0.7435709 0.7969062 0.7880432 0.7009968 0.9574622 1.2586071 0.6485705 1.4515996 1.0450975 0.7407412 1.3484288 0.8479537 0.4335288 0.9278928 1.4561732 0.9449759 0.8619182 1.4166741 1.0530792 0.9627826 0.6775551 0.0848833 0.2524842 1.0185661 0.7458235 1.2130282 1.2761337 0.5268355 0.2668038 1.4015893 1.4015893 1.3814870 1.5080804 0.9611407 1.3593304 1.3985517 1.3469578 1.2143103 1.1709787 0.7636486 0.8627155 1.3058345 1.1675247 0.8419147 1.1675247 1.4322392 1.1003990 1.0766015 1.1089631 1.4596189 0.7611554 1.2149721 0.7624712 0.8269877 0.0599253 0.8494610 0.7911039 1.1886800 1.1544493 0.0622417 0.5068398 0.5120079 1.1925640 0.5070575 0.2786757 0.7024664 0.7661309 0.6948389 1.4233793 1.0151429 1.0668310 1.2843332 1.1799293 1.0902214 1.1377270 0.9258331 0.6610112 0.9211900 0.9286259 1.4979828 0.8735806 0.9210354 0.7769374 0.3665409 0.6791650 0.7547435 1.4515996 0.7818705 0.7199356 0.8461240 0.7276538 1.4730289 0.7469740 1.3352739 0.7428198 0.9838788 0.9728964 0.8596422 0.8218514 0.6859247 1.2503021 1.1423673 0.9429852 0.9220095 0.7542958 0.9918864 1.4240043 1.3551606 1.1763345 0.0576647 0.0618344 0.6702785 0.9811954 0.8860131 0.9263486 0.8124564 0.7183809 0.8946494 1.2035851 1.2035851 0.9891153 1.3122062 1.2038424 0.7009968 0.7153109 0.7167940 0.6915331 0.8794936 0.6883919 1.2340095 1.2342124 1.2342124 1.2891778 0.3584440 0.7159016 0.6088491 0.8036973 
GCF_000013565.1_ASM1356v1                    1.1829194 0.1854275 1.0876836 1.2117086 1.5305794 0.0000000 0.2077303 1.4364070 1.4188217 0.2676652 1.0689631 1.3212904 1.2394273 1.1042578 1.5914855 0.5287026 1.3698034 1.0756856 1.0707498 1.3133081 1.0707498 1.2272285 0.2267720 1.5636127 1.6605999 2.1284199 1.3828389 1.3807858 1.1572254 1.0972696 0.1250170 0.2892488 1.2615224 0.9738362 1.7541672 1.1442914 1.7528191 1.7012803 2.9353285 1.0785594 1.1542918 0.3602911 0.5227015 0.3556123 0.3556123 1.2971528 1.3654132 0.5227015 2.0780344 2.2690206 1.2145994 1.0805823 0.9887665 1.2017663 1.2706916 1.2114488 0.5018765 0.3223468 1.2400355 2.6115270 0.1943659 1.0896027 1.3670069 0.3699560 0.3919118 0.2051748 1.0660381 0.3522422 1.4057758 1.1192101 0.4758760 1.0592018 1.1967620 0.2077303 1.6358951 1.6630213 1.6895737 0.4512437 1.3408312 1.3208312 1.2326430 1.1715919 1.2274501 1.1937781 0.2051748 1.6206012 0.5725312 1.1979191 1.3501382 0.3748952 0.9286091 1.4042552 1.5095117 0.2283034 0.9506917 1.0895261 0.5266123 0.9622996 1.1630227 1.0733827 1.6513305 1.3737994 1.7091783 1.1754863 1.0018268 0.3086834 1.6275486 1.4374825 0.2574935 0.2574935 0.2988925 0.2953822 1.2232616 0.2847440 0.2843141 0.2666490 0.4415381 0.9798565 1.3100949 1.1852311 0.2382552 2.1993084 1.3902936 2.1993084 0.2595787 1.8556924 1.2559509 1.9302910 0.2338724 0.9822781 1.9165473 1.2150676 1.1590113 1.5914855 1.1488844 0.9696332 0.5694107 0.5237423 1.5636127 1.7175874 1.6788714 1.0126901 1.6297733 1.2937904 1.2098581 1.0977776 1.3673356 0.3653176 1.1870407 1.9004314 2.0623182 1.7434755 1.8188176 1.8221998 1.0820075 1.2254049 1.0972616 1.1112084 0.4608933 1.1032453 1.1058354 1.1647010 1.2995093 1.0675660 1.2088562 0.5725312 1.0036114 1.1507390 1.2539935 1.2114488 0.5797311 1.3493033 0.2760662 1.0981539 1.6809746 1.6424025 1.6772785 1.6229993 1.3272073 0.2676652 2.5312554 1.1506236 1.2067877 1.2046774 1.0800565 0.2945572 0.3857605 3.0959659 1.6358951 1.6358951 1.1674509 1.3404075 1.1018493 1.1646728 0.9603712 1.3352819 1.1005089 1.8394911 1.8394911 1.2633646 0.2228759 0.4978241 1.2274501 1.3212904 1.2038988 1.0667325 1.2976532 1.0689631 2.1318035 2.1903829 2.1903829 2.0538710 1.3475190 1.0660381 1.4876772 1.4096481 
GCF_000014045.1_ASM1404v1                    1.2961906 0.2079237 1.2852145 1.4735704 1.4078394 0.2077303 0.0000000 1.4715381 1.4003206 0.2450680 1.0542348 1.1621885 1.1314067 1.0290311 1.4951769 0.5226947 1.3561537 1.0681064 1.0559914 1.3178390 1.0559914 1.4400736 0.0149535 1.4695130 1.8716908 2.1945882 1.4380933 1.4719504 1.0640386 1.1156727 0.1846490 0.3372211 1.1725762 1.0919732 1.7765249 1.3245113 1.7533265 1.6725987 3.2119516 1.0409554 1.0354261 0.2962379 0.5300058 0.3001004 0.3001004 1.2742488 1.3167039 0.5300058 2.1883036 2.1049995 1.3299061 1.0636451 1.2008793 1.3286552 1.2291245 1.1066106 0.5212242 0.3613449 1.1531396 2.2369452 0.1332286 1.0743376 1.4898142 0.2897902 0.3489406 0.1542135 1.0513786 0.3544871 1.4370266 1.0610458 0.5233351 1.2038981 1.2556369 0.0000010 1.5079720 1.5323175 1.7764073 0.5483275 1.1000624 1.1409936 1.0189600 1.0263101 1.1416403 1.2571693 0.1542135 1.4951606 0.5697534 1.3341189 1.1690251 0.4710579 0.9811378 1.5186226 1.9060169 0.1960530 0.9150632 1.1431392 0.5203899 1.1609936 1.2294087 0.9964056 1.5043249 1.4003471 1.7367610 1.0819626 1.1645636 0.2666977 1.6894726 1.4592435 0.2166359 0.2166359 0.2530073 0.2254786 1.3383008 0.2158923 0.2300741 0.2264922 0.4375875 1.1896743 1.1355940 1.4170064 0.1874200 2.1992777 1.3449935 2.1992777 0.1944572 1.9822998 1.2867371 1.8845472 0.0967496 0.9601554 1.9455729 1.1166561 1.1523583 1.4951769 1.4169411 0.9859323 0.5629165 0.5162275 1.4695130 1.7848931 1.7778779 1.1836090 1.6931870 1.4872311 1.0531329 1.1898538 1.5024134 0.3862043 1.2878707 1.8871689 2.2127324 1.7278391 1.9086610 1.8349065 1.3117392 1.2215496 1.3304041 1.3564333 0.5745154 1.0785975 1.2093115 1.0926860 1.3272884 1.0168971 1.0409339 0.5697534 0.9797253 1.0721033 1.2952232 1.1066106 0.5768543 1.1679248 0.2747814 1.0119426 1.8680396 1.5692640 1.4744116 1.7154834 1.1391362 0.2450680 2.4024228 1.2201337 1.1359438 1.2973370 1.4472042 0.2459246 0.4105892 3.3861640 1.5079720 1.5079720 1.1781986 1.2862802 1.1066260 1.1474276 0.8039939 1.4665700 1.0945998 1.6622046 1.6622046 1.2585444 0.1446080 0.5635929 1.1416403 1.1621885 1.0528513 1.0520673 1.3838531 1.0542348 2.2760321 2.2280586 2.2280586 2.1412329 1.3901970 1.0513786 1.6095725 1.5600402 
GCF_000015165.1_ASM1516v1                    1.1161358 1.1775422 0.8451960 1.1147290 0.3459499 1.4364070 1.4715381 0.0000000 0.5993357 1.1544381 0.6223075 0.5934775 0.6643620 0.6455035 0.4040188 1.2957863 0.5701453 0.6373865 0.6163874 0.0428194 0.6163874 0.6830376 1.4879817 0.3976275 0.9532904 1.1689329 0.2882858 0.0412420 0.6000747 0.7131952 1.3455841 1.4135985 0.6021633 0.6916980 0.9466736 1.0959025 1.0347412 1.0548472 1.0022162 0.6323385 0.6529650 1.1702596 1.2644267 1.2018778 1.2018778 1.1057436 1.1366005 1.2644267 0.8711183 1.1778630 1.0415999 0.7366471 0.8929808 1.0819501 1.0308024 0.6495965 1.2707920 1.3090715 0.5885945 1.0234104 1.2594287 0.6214059 0.7298325 1.1872196 1.4120603 1.2459081 0.6378905 1.4924190 0.3097944 0.6292098 1.2556737 0.8412567 1.0614578 1.4715381 0.3887022 0.4108535 0.7174984 1.2243525 0.6136848 0.7153674 0.6875782 0.6805173 0.5873394 1.0657173 1.2459081 0.7156079 1.3530661 1.0631091 0.5794171 1.1353998 0.7127580 0.1925515 0.8013218 1.4546709 0.7869350 0.7065566 1.2961041 0.7348272 1.0428624 0.6291130 0.3968194 0.2844004 1.1263592 0.6264399 0.9149030 1.1866584 0.4225220 0.2940206 1.4151406 1.4151406 1.3025616 1.4087243 1.0011905 1.3745426 1.4488011 1.3440960 1.1664381 0.9009798 0.6272215 0.9049747 1.2834027 1.0966115 0.8694883 1.0966115 1.4536607 1.4405266 1.0519334 0.9352612 1.4830068 0.7688809 1.0093493 0.7493065 0.9399218 0.4040188 0.9679787 0.7374755 1.2047500 0.8589950 0.3976275 0.4097286 0.4173864 0.9279493 0.4126184 0.3012100 0.5945571 0.8909752 0.6614793 1.4287778 1.1012228 0.9971384 1.1578276 0.9058015 1.0180770 0.9479803 0.7013674 0.5857568 0.6958892 0.9585471 1.3444806 0.9707038 0.9445537 0.6832143 0.0705346 0.6241172 0.6695671 1.3530661 0.6842833 0.6279750 0.9211222 0.6495965 1.3720248 0.6061002 1.2735592 0.6607952 0.9436242 0.7674439 0.6677978 0.8687315 0.6074224 1.1544381 1.1231384 1.0205770 0.9652768 0.7470299 1.0204148 1.3766617 1.3269961 1.0463368 0.3887022 0.3924808 0.6645395 1.0649629 0.7436242 0.9546594 0.7265308 0.6678050 0.8326547 0.9381142 0.9381142 1.0890390 1.2663214 1.2454753 0.5873394 0.5934775 0.6200868 0.6151867 0.7040058 0.6223075 1.1763118 1.1856249 1.1856249 1.1574149 0.0387364 0.6378905 0.5794364 0.6128512 
GCF_000016185.1_ASM1618v1                    0.8276559 1.1299648 0.8249944 0.9594753 0.7171855 1.4188217 1.4003206 0.5993357 0.0000000 1.2298754 0.6217103 0.6943686 0.7472224 0.6495301 0.7574002 1.3747307 0.7066883 0.6290513 0.6156101 0.6202643 0.6156101 0.6729994 1.4064404 0.7542764 1.0009887 0.8999343 0.5735263 0.6320276 0.6673563 0.6167490 1.2341243 1.6211696 0.6545214 0.7308227 1.0624951 0.8775761 0.9202568 0.9349845 0.8399884 0.6214184 0.7201565 1.2080873 1.3852588 1.2415455 1.2415455 0.9180290 0.8869158 1.3852588 0.9421003 1.0619309 0.8444557 0.6712908 1.0612259 0.8101591 0.8158462 0.7300086 1.1856213 1.6668996 0.6443847 0.9594305 1.2044461 0.6063937 0.6813686 1.0684822 1.3609154 1.2204254 0.6377717 1.7709573 0.5837313 0.6479266 1.4668432 1.0408952 0.8151261 1.4003206 0.7278508 0.7482824 0.9910697 1.5469744 0.7480173 0.7060788 0.7523045 0.7439730 0.6377851 0.8792776 1.2204254 0.7526242 1.4647627 0.8621825 0.5911843 1.3361120 0.7832087 0.6266535 0.7492518 1.1937302 0.8291637 0.7214823 1.4384889 1.1049640 0.8206972 0.6223223 0.7900438 0.5638625 1.0131505 0.7471047 1.0215130 1.3131868 0.3775117 0.5427224 1.2352497 1.2352497 1.2007274 1.2183599 0.8998109 1.3451220 1.2749902 1.2870267 1.4260192 1.0513865 0.5696708 0.8355319 1.3630533 0.9656430 0.6724741 0.9656430 1.2952368 0.9090341 0.9398409 0.9316927 1.3875018 0.6909928 1.0570118 0.6629034 0.7607101 0.7574002 0.7000842 0.6643435 1.3385063 0.9830329 0.7542764 0.3575675 0.3622369 1.0577096 0.3580517 0.5626811 0.6968158 0.8113275 0.6733873 1.6318598 0.8820472 1.1762286 1.2059389 0.9762736 1.2094961 0.9935115 0.9587773 0.6614921 0.9835047 0.8170532 1.4489039 0.8578962 0.8436074 0.6774577 0.6120836 0.6283520 0.7533098 1.4647627 0.9083806 0.6881015 0.9785015 0.7300086 1.4861787 0.5823552 1.1219899 0.7297610 1.0041308 0.6916225 0.8169186 0.8440164 0.7543053 1.2298754 0.9132564 0.8158099 0.9157387 0.7554216 0.8097614 1.4279147 1.4929957 0.9019155 0.7278508 0.7354697 0.6773427 0.8789064 0.7323003 0.9043090 0.8118171 0.6655901 0.8465911 1.2260003 1.2260003 0.8374897 1.2124394 1.1858101 0.6377851 0.6943686 0.7238876 0.6169654 0.8265938 0.6217103 1.2527983 1.2511080 1.2511080 1.1956630 0.5382352 0.6377717 0.5984157 0.7168341 
GCF_000018145.1_ASM1814v1                    1.1409607 0.2512635 1.1921158 1.2077427 1.2503021 0.2676652 0.2450680 1.1544381 1.2298754 0.0000000 0.8849252 1.0069380 0.9349953 0.8974936 1.2618566 0.4468213 1.1665994 0.8799878 0.8761675 1.0660133 0.8761675 1.1906528 0.2552473 1.2410967 1.7032102 1.5945834 1.2358415 1.1192894 0.8862681 0.9310454 0.2711524 0.2535358 0.9675651 1.0492079 1.5951290 1.0695430 1.4762883 1.4819704 2.5991885 0.8623783 0.8816358 0.2966501 0.4416477 0.2925518 0.2925518 1.1644801 1.2608434 0.4416477 1.8007796 1.7374997 1.1331602 0.9680067 0.9081807 1.1313713 1.1714661 0.9153333 0.4984150 0.2979578 0.9477521 1.9759862 0.1922235 0.9009873 1.2918910 0.2876294 0.2988959 0.2350841 0.8766658 0.3430289 1.2338003 0.9331160 0.4178036 0.9839377 1.2124149 0.2450680 1.2885410 1.2949304 1.3294518 0.4621754 0.9949307 0.9994753 0.9023063 0.9330260 0.9429028 1.0204877 0.2350841 1.4635557 0.4325929 1.1037633 1.0237694 0.3792563 0.9903003 1.2157850 1.4394811 0.2624261 0.7093442 1.0547026 0.4405103 0.9116056 1.1538077 0.8781326 1.3090020 1.2202148 1.3755594 1.0224473 0.9097683 0.2882220 1.2243266 1.2917085 0.2988407 0.2988407 0.2983462 0.2614847 1.1642575 0.3184624 0.3357452 0.3151114 0.4190515 0.9000961 1.0622851 1.1012133 0.2402247 1.8686551 1.1867050 1.8686551 0.2098005 1.6246478 1.1434650 1.8343617 0.2209239 1.0443186 1.6389670 1.0788123 1.0967240 1.2618566 1.2595562 1.0083790 0.4961682 0.4327420 1.2410967 1.2820149 1.2605172 0.9295842 1.2276228 1.3406894 0.8943591 1.0806645 1.2775834 0.3104306 1.1801249 1.4470453 1.6059490 1.5619511 1.4685696 1.6271963 1.0529093 1.3512908 1.0534109 1.2000922 0.5011211 0.9800520 1.1923464 1.0934585 1.0902043 0.8791409 0.8940267 0.4325929 0.7706809 0.8869488 1.2195581 0.9153333 0.4380793 1.0774138 0.3181900 0.8502896 1.7240848 1.4672179 1.5573768 1.6708244 0.9494811 0.0000010 2.0166626 1.1405517 1.2498925 1.1142677 1.3136092 0.2629988 0.2987699 2.6487706 1.2885410 1.2912979 0.9996006 1.2006382 1.0701668 1.2177941 0.7450684 1.2667513 1.2247734 1.5310016 1.5310016 1.2376732 0.2528927 0.4723652 0.9429028 1.0069380 0.9202821 0.8729379 1.3817268 0.8849252 1.6074175 1.6194354 1.6194354 1.5890281 1.0877094 0.8766658 1.4143297 1.3551119 
GCF_000018845.1_ASM1884v1                    0.9060962 0.8501299 0.7657323 0.9798024 0.6883919 1.0689631 1.0542348 0.6223075 0.6217103 0.8849252 0.0000000 0.2752143 0.1873367 0.0474183 0.6813570 0.9830078 0.4925444 0.0083489 0.0033036 0.5758745 0.0033036 0.7144667 1.0332972 0.6710781 0.7336927 1.0025298 0.6066705 0.6898178 0.1682533 0.6970953 0.9549231 1.0180797 0.1546348 0.6424800 0.8658394 0.9431591 0.9427507 0.9763364 1.2836158 0.0100517 0.2790996 0.9767336 0.9761347 1.0020326 1.0020326 1.0181288 0.9883694 0.9761347 0.9510369 1.3179568 0.9234182 0.6148777 0.7723187 0.9344969 1.0983723 0.1842456 0.8615425 1.0388155 0.1484490 1.0539511 0.7899547 0.0100798 0.7696316 0.9468864 0.9412464 0.8188718 0.0083468 1.1914102 0.6335794 0.0410474 0.9221895 0.9109586 1.0108688 1.0542348 0.6694057 0.6879714 0.8667745 1.0502229 0.2086574 0.2251289 0.2847766 0.2865322 0.1487482 0.9707698 0.8188718 0.6413460 0.9766906 0.9157997 0.3766183 0.9172620 0.6063398 0.5371283 0.7563932 0.8826851 0.6853197 0.7109852 0.9800231 0.8205524 0.9989876 0.0394406 0.6699242 0.5969846 0.9172465 0.1886405 0.7732251 0.9148584 0.5417547 0.5944948 1.0002716 1.0002716 0.8806489 0.9778619 1.0568919 1.0634481 1.0309689 1.0548530 0.9662758 0.7791015 0.3883342 0.8184696 0.9879990 1.1898918 0.7040561 1.1898918 0.9597922 1.0711558 1.0674359 0.8668778 0.9550404 0.6893981 0.9507949 0.6211817 0.6016953 0.6813570 0.8417043 0.7542879 0.9115484 0.8090379 0.6710781 0.5313265 0.5278494 0.8001280 0.5305748 0.6036202 0.2655359 0.8706839 0.7163125 1.2371294 0.9119206 1.0766484 0.9290911 0.8578319 1.0910859 0.8571624 0.6622042 0.6045276 0.6570486 0.7910055 0.9715528 1.0026519 0.8206375 0.6749266 0.6647137 0.0117858 0.2687603 0.9766906 0.5331753 0.1616404 0.8888113 0.1842456 0.9890706 0.3952117 0.8758122 0.1328086 0.7268343 0.7514081 0.7584029 0.8252865 0.1765772 0.8849252 0.9888474 0.9329089 0.8968146 0.7230982 0.9850810 1.1105742 1.1578242 1.2285729 0.6694057 0.6843745 0.2114856 1.0726255 0.7328688 0.9190688 0.5732744 0.7136776 0.6925937 0.9245958 0.9245958 1.1121280 0.8848325 0.8745146 0.1487482 0.2752143 0.2719956 0.0049635 0.5905517 0.0000010 0.9180485 0.9464338 0.9464338 0.9178465 0.6473308 0.0083468 0.7148805 0.6218163 
GCF_000019365.1_ASM1936v1                    1.0105817 1.0617416 0.8193623 1.0310155 0.7153109 1.3212904 1.1621885 0.5934775 0.6943686 1.0069380 0.2752143 0.0000000 0.2563766 0.2858888 0.7537685 1.0698009 0.4821845 0.2765022 0.2720689 0.5568353 0.2720689 0.8686180 1.1386029 0.7421269 0.7153611 1.0863738 0.6063476 0.6732431 0.2361169 0.7250134 1.0406977 1.1376713 0.2650939 0.7196188 1.3685223 1.0720421 1.0441686 1.0714050 1.3224177 0.2712440 0.1461517 1.0558726 1.0581883 1.0518640 1.0518640 1.1206141 1.0807564 1.0581883 0.9421060 1.3369572 0.9961265 0.6339391 0.8379219 1.0201363 1.1250368 0.2537143 0.9665527 1.0961441 0.2605320 1.2204391 0.9970767 0.2884546 0.9456924 1.0504430 1.0664412 0.9571106 0.2837578 1.1603813 0.6013799 0.2784338 1.0224691 0.8768504 1.0721476 1.1621885 0.7400666 0.7442957 0.9691271 1.0144258 0.2188507 0.2352477 0.1693661 0.1758248 0.2570230 0.9796570 0.9571106 0.7283448 1.0857344 0.9866722 0.3831976 1.0742460 0.6883976 0.5938687 0.7737670 1.1100558 0.6316083 0.7177312 1.0786417 0.6978632 1.0183227 0.2625046 0.7366620 0.5990242 0.9428123 0.2968075 0.8091633 0.9767465 0.6452233 0.5804159 1.0756283 1.0756283 1.0497132 1.1592278 1.0486869 0.9874192 0.9666967 0.9645660 0.9842891 0.8302399 0.4177215 0.8965646 0.9984058 1.1277267 0.7721738 1.1277267 0.9688170 1.1163765 1.1451053 0.8285029 1.0615278 0.8334231 1.4627710 0.6419523 0.7990367 0.7537685 0.9204262 0.7498086 0.9871621 0.8560227 0.7421269 0.6103352 0.6064973 0.8689181 0.6367983 0.6377313 0.1396664 1.0415587 0.8923004 1.3662525 0.9791589 1.3277378 1.2351371 1.3743483 1.3068346 1.3876202 0.5885163 0.5851750 0.6037738 0.8668885 1.0716915 0.9769762 0.9010581 0.7362116 0.6449314 0.2620325 0.1635090 1.0857344 0.6832913 0.2623281 1.0201067 0.2537143 1.1001760 0.4024034 1.0432646 0.2807925 0.7234976 0.7342425 0.7582130 1.0744655 0.2511503 1.0069380 1.1067233 0.9382866 0.8447092 0.6608236 1.1155015 0.9894463 1.3231020 1.3145506 0.7400666 0.7255695 0.2957464 1.1475857 0.7268428 0.8443475 0.7706348 0.8746371 0.6460266 1.1523998 1.1523998 1.0883679 0.9607841 0.9830185 0.2570230 0.0000010 0.1427282 0.2710381 0.6939693 0.2752143 1.2035600 1.2243596 1.2243596 1.2039417 0.6198413 0.2837578 0.7640378 0.5021896 
GCF_000019725.1_ASM1972v1                    1.0527401 0.9960035 0.8117182 0.8855845 0.7276796 1.2394273 1.1314067 0.6643620 0.7472224 0.9349953 0.1873367 0.2563766 0.0000000 0.1898725 0.8313616 0.9567571 0.5250556 0.1847654 0.1813289 0.6353116 0.1813289 0.9273005 1.1207971 0.8185712 0.7470941 1.1751469 0.6393715 0.7445998 0.0283833 0.8516366 1.0386767 1.0523653 0.0657260 0.7580005 1.1571946 1.1218370 0.8778895 0.9330254 1.3798744 0.1839809 0.3142445 0.9505192 0.9499914 0.9751998 0.9751998 1.1063300 1.0645520 0.9499914 1.0672510 1.2178088 1.0046220 0.6872647 0.8004903 1.0261844 1.1233399 0.0050575 0.9768040 1.0559544 0.0613864 1.2487345 0.9201957 0.1910177 1.0396405 0.9735753 0.9742072 1.0144680 0.1883055 1.3091373 0.6399157 0.1824856 0.9817301 0.7974089 1.1215939 1.1314067 0.8203328 0.8435825 0.9498618 1.0516160 0.2239289 0.1579628 0.3043938 0.3319728 0.0612950 1.0785489 1.0144680 0.7370244 0.9835735 1.0043741 0.3888202 1.0216425 0.5797622 0.6528523 0.8908238 1.0442732 0.6347615 0.8508969 0.9386264 0.8015487 1.0226499 0.1877905 0.8360485 0.6291076 0.9011515 0.1051062 0.7840569 1.0079271 0.6448186 0.5948057 1.0027956 1.0027956 0.9891820 1.0648790 1.0503350 1.1519116 1.1355867 1.1165287 0.9967733 0.7931774 0.3814190 0.8271083 1.0610173 1.1114350 0.8212881 1.1114350 0.9898862 1.0567686 1.1084460 1.0545870 1.1368043 0.8364716 1.2876051 0.7451943 0.7445408 0.8313616 0.9252253 0.8504336 0.9802426 0.8550407 0.8185712 0.6649647 0.6610443 0.8203617 0.6646792 0.6194534 0.2989165 1.0263148 0.9687221 1.3033591 1.0058184 1.2164549 1.0451437 1.1605354 1.2120029 1.1713495 0.7184421 0.8221671 0.7128287 0.9450427 1.0176497 1.0246376 0.8467305 0.8298872 0.7204847 0.1736463 0.3060300 0.9835735 0.6199968 0.0245698 0.9881917 0.0050575 0.9961567 0.4079745 0.9930574 0.1581939 0.7683562 0.9710094 0.8938650 0.9870585 0.0303443 0.9349953 1.1705731 1.0521723 1.0663806 0.7190195 1.0628504 1.0732941 1.3069668 1.2563123 0.8203328 0.8389767 0.2364471 1.1042298 0.8377264 1.0529781 0.6776324 0.9696750 0.6752722 1.0224852 1.0224852 1.0845422 1.0270134 1.0332228 0.0612950 0.2563766 0.3039043 0.1806490 0.7495413 0.1873367 1.0193510 1.0129220 1.0129220 1.0200723 0.7010198 0.1883055 0.9023134 0.6988951 
GCF_000019945.1_ASM1994v1                    0.9498610 0.8703114 0.8134534 1.0873846 0.6888131 1.1042578 1.0290311 0.6455035 0.6495301 0.8974936 0.0474183 0.2858888 0.1898725 0.0000000 0.7438800 1.0215153 0.5269541 0.0477003 0.0435000 0.6237055 0.0435000 0.7480962 1.0216024 0.7325938 0.7892628 1.1179265 0.6372252 0.7068228 0.1735313 0.7539298 0.9928994 1.0802035 0.1531009 0.6846351 0.9460365 1.0145675 1.0112059 1.0831515 1.4129348 0.0453881 0.2930832 0.9793679 1.0144558 1.0048011 1.0048011 1.1207360 1.0224113 1.0144558 0.9612339 1.5031241 0.9888450 0.6503858 0.8002005 0.9611530 1.1156246 0.1867689 0.9356622 1.1155433 0.1469893 1.1245539 0.8506727 0.0516353 0.8234988 0.9566464 1.0189697 0.8880644 0.0494714 1.2122977 0.6586593 0.0517126 1.0015473 0.9403058 1.0507718 1.0290311 0.7306165 0.7510046 0.8402557 1.0198067 0.2220643 0.2280121 0.2977327 0.3150028 0.1472831 1.0309300 0.8880644 0.6881274 1.0173201 0.9941341 0.3918454 0.9310274 0.6474482 0.5458289 0.8347268 0.9044935 0.6669625 0.7433157 1.0184882 0.8460587 1.0295706 0.0118552 0.7058987 0.6270606 0.9930655 0.1920548 0.7732543 0.9426959 0.5889183 0.6340435 1.0260963 1.0260963 0.9098102 1.0389971 1.1079404 1.1080522 1.0740282 1.0990200 1.0093886 0.7930393 0.3986754 0.8969570 1.0510821 1.3533118 0.7611016 1.3533118 1.0013601 1.1866123 1.1364568 0.9357207 0.9944526 0.7110882 1.0210895 0.6941469 0.6730956 0.7438800 0.9477673 0.7850086 0.9829745 0.8297924 0.7325938 0.5775604 0.5824037 0.8018644 0.5769694 0.6654278 0.2863087 1.0091219 0.7747339 1.2919205 0.9975070 1.1324917 1.0769432 0.9283462 1.1757609 0.9276217 0.7001380 0.6613717 0.6947392 0.8571939 0.9982249 1.0639854 0.8958934 0.7163373 0.6826669 0.0436956 0.3002413 1.0173201 0.5825194 0.1662166 0.9881340 0.1867689 1.0303199 0.4109331 0.9305310 0.1570815 0.7878132 0.7794157 0.8042577 0.8864659 0.1781471 0.8974936 1.0930587 0.9507914 0.9707844 0.7515747 1.0674433 1.1016798 1.1814028 1.4046021 0.7306165 0.7319505 0.2208074 1.0842036 0.7679763 0.9947411 0.5919742 0.7718155 0.7231700 0.9161152 0.9161152 1.1194526 0.8964475 0.9653704 0.1472831 0.2858888 0.3004358 0.0453851 0.6322359 0.0474183 1.0639695 1.0491429 1.0491429 1.0631268 0.6679187 0.0494714 0.7497822 0.6518788 
GCF_000020445.1_ASM2044v1                    0.9752201 1.4421133 0.8796952 1.1282191 0.0599253 1.5914855 1.4951769 0.4040188 0.7574002 1.2618566 0.6813570 0.7537685 0.8313616 0.7438800 0.0000000 1.3844050 0.8701137 0.7077449 0.6843801 0.3789997 0.6843801 0.7999443 1.5811808 0.0016418 0.9922213 1.2424969 0.2897644 0.4197308 0.7979975 0.8406285 1.3232828 1.4729006 0.8447187 0.8178946 1.1728237 1.0149864 1.2551603 1.2757441 1.0579108 0.7168959 0.8007861 1.3260535 1.3495307 1.3632106 1.3632106 1.1144379 1.0451903 1.3495307 1.0361108 1.2066300 1.1110538 0.8799705 1.2138196 1.0001173 0.9578483 0.8312073 1.2661645 1.3490242 0.8391298 1.2414010 1.4064115 0.6942775 0.8560610 1.2311174 1.4427075 1.3889883 0.7083715 1.4240694 0.3163256 0.6632128 1.3688113 1.4314823 1.0299070 1.4951769 0.0117524 0.0152837 0.9627625 1.3271512 0.7244863 0.7735394 0.8555748 0.8179655 0.8234344 1.0250266 1.3889883 0.7245327 1.3808826 1.1105654 0.8017950 1.3348327 0.9419682 0.4517054 1.0219772 1.5052608 0.9986404 0.8844069 1.3848308 1.1291719 0.9975310 0.7318460 0.0465067 0.2938399 1.1094383 0.8572238 1.2906337 1.3845483 0.5999283 0.3107744 1.5051101 1.5051101 1.4659203 1.5245383 1.0712633 1.4984519 1.5198666 1.4849949 1.1938961 1.2248178 0.8265614 0.9838778 1.4527547 1.1001619 0.8665660 1.1001619 1.4730979 1.1652227 1.1334337 1.1077794 1.4805837 0.8508983 1.2221992 0.7700769 0.8070679 0.0000010 0.9255803 0.8001770 1.3065664 1.1158501 0.0016418 0.5719821 0.5693402 1.2695399 0.5723743 0.3244586 0.7257432 0.7760775 0.7826794 1.4403034 1.0083524 1.1192461 1.2088323 1.1990263 1.0864487 1.1498804 1.0136319 0.6849025 1.0399792 1.0038382 1.5510972 0.9479109 1.0624600 0.7955119 0.4305925 0.6722874 0.7873994 1.3808826 0.9278447 0.8226340 0.8835134 0.8312073 1.4008309 0.7987381 1.3649251 0.8116397 0.9776582 0.9559037 0.9334033 0.9121060 0.7832008 1.2618566 1.1362436 0.9905206 0.9717904 0.7939106 0.9949058 1.4827196 1.4343837 1.0371417 0.0117524 0.0152166 0.6927095 1.0351670 0.8750051 0.9755892 0.9029404 0.7972149 0.9138244 1.3110485 1.3110485 1.0485421 1.4493480 1.2680796 0.8234344 0.7537685 0.7540346 0.6844552 0.9355241 0.6813570 1.1622709 1.2244793 1.2244793 1.2130532 0.4151344 0.7083715 0.6211071 0.8048621 
GCF_000021005.1_ASM2100v1                    1.2679827 0.5349207 1.1220168 1.1837435 1.4162122 0.5287026 0.5226947 1.2957863 1.3747307 0.4468213 0.9830078 1.0698009 0.9567571 1.0215153 1.3844050 0.0000000 1.0407932 0.9654535 0.9731941 1.2131595 0.9731941 1.3343331 0.5110331 1.3612179 1.5895762 1.8454317 1.3913158 1.2655571 0.9287301 1.0541036 0.4726534 0.4612327 0.9716965 1.1111679 1.8160524 1.0314678 1.6206810 1.6337898 1.8824443 0.9678722 1.1034777 0.4283148 0.0033556 0.4230314 0.4230314 1.1947419 1.2986975 0.0033556 1.8566856 1.7247312 1.4037431 0.9654191 1.0397837 1.2595164 1.3349679 0.9640819 0.3489740 0.4389888 0.9650831 1.9325562 0.5022075 0.9921400 1.2676393 0.4992612 0.5261848 0.5179915 0.9996351 0.4128988 1.3610274 1.0526762 0.1042582 1.0000868 1.3091136 0.5226947 1.4212087 1.4536465 1.9239067 0.2404993 0.9782665 0.9404209 1.0332434 1.1026926 0.9475136 1.1938787 0.5179915 1.3880184 0.0583253 1.4374930 1.1321495 0.2355382 0.7844992 1.2472606 1.5364898 0.4955754 0.7165991 1.0613691 0.0084633 0.8946204 1.2598007 0.9669576 1.4740809 1.3600719 1.4763884 1.0431536 0.9504050 0.5611496 1.3263872 1.3357519 0.5035705 0.5035705 0.4646848 0.5684483 1.1682329 0.5831437 0.5708075 0.5916019 0.4568373 1.0489102 1.1990466 1.1331985 0.6457669 1.7517853 1.5462271 1.7517853 0.4488456 2.0337586 1.2035741 1.5789140 0.4981914 0.9559959 1.8271246 1.0094187 1.2160445 1.3844050 1.2623838 0.8872468 0.4585603 0.3838985 1.3612179 1.3842028 1.4079484 1.0836355 1.3409763 1.5431119 1.0598105 1.3150783 1.3703619 0.5115949 1.2175127 1.5199006 1.7920106 1.8513827 1.5525355 1.9261300 1.0831525 1.2237569 1.0836019 1.2293698 0.3075547 1.1272774 1.1345819 1.0711497 1.2295001 0.9604174 1.0547216 0.0583253 0.8429747 0.9237526 1.2084606 0.9640819 0.0604318 1.1858270 0.4800222 1.0186009 1.6081894 1.6881252 1.6579061 1.5520383 0.9460440 0.4468213 2.0104564 1.2081048 1.0808441 1.1324018 1.4090887 0.4678441 0.4866108 2.0551965 1.4212087 1.3906468 1.0163210 1.4248556 1.0831898 1.0254861 0.8725365 1.3480355 1.1177575 1.5677117 1.5677117 1.2397856 0.5085399 0.3422160 0.9475136 1.0698009 1.0397630 0.9742295 1.3849997 0.9830078 1.7054657 1.6977731 1.6977731 1.7402010 1.2602355 0.9996351 1.3762153 1.4018075 
GCF_000021745.1_ASM2174v1                    1.0367554 1.1018378 0.8996458 1.2078442 0.8144568 1.3698034 1.3561537 0.5701453 0.7066883 1.1665994 0.4925444 0.4821845 0.5250556 0.5269541 0.8701137 1.0407932 0.0000000 0.5115110 0.5001984 0.5586950 0.5001984 0.7928238 1.3142827 0.8563368 0.7084315 1.1410281 0.7057162 0.6166423 0.5108217 0.6391133 1.1490341 1.4770105 0.4941513 0.7629733 1.0320574 1.0535329 1.0596117 1.1073275 1.0933127 0.4946937 0.5197748 1.0579887 1.0293895 1.0863120 1.0863120 1.1488949 1.0909554 1.0293895 0.9156750 1.2495193 1.0268955 0.6201005 0.7621561 1.0521314 1.1611864 0.5060442 1.0834165 1.4445671 0.4882163 1.2265713 1.0825828 0.5039982 0.8253664 1.0647225 1.1923273 1.2010412 0.5145746 1.3391583 0.7056722 0.4975429 1.0573441 0.7587882 1.1097120 1.3561537 0.8530132 0.8873363 0.8716047 1.1082824 0.5204849 0.5226166 0.5144051 0.5489917 0.4811879 1.1772522 1.2010412 0.6889528 1.0123599 1.0489529 0.4553522 0.9709630 0.6349170 0.5769868 0.8750408 1.2289674 0.7015067 0.6317417 1.0392561 0.6763800 1.0661086 0.4906056 0.8463020 0.6891269 1.1749648 0.5419224 0.7243917 1.1033364 0.6223653 0.7016588 1.2069074 1.2069074 1.1625661 1.2432551 1.2476935 1.1350701 1.1847387 1.1262726 1.3343704 0.7551102 0.4647189 0.9110099 1.2182293 1.1264069 0.9525510 1.1264069 1.1750945 1.4474516 1.3045118 1.0337246 1.2285490 0.7176028 1.1194752 0.5997886 0.8428745 0.8701137 0.9385631 0.6981608 1.1364440 0.7527642 0.8563368 0.6202698 0.6355369 0.7846903 0.6242593 0.7316699 0.5231554 0.9884031 0.7586407 1.3920324 1.0815167 1.0198669 1.2896720 1.0890297 1.0558676 1.1327568 0.7276197 0.6915851 0.7361013 0.9280047 1.2159106 1.1383481 0.8245813 0.6530244 0.6241976 0.4779459 0.5118973 1.0123599 0.7013847 0.4999815 1.0288434 0.5060442 1.0257937 0.4863027 1.0980441 0.5770261 0.7131955 0.7398369 0.6463218 1.0277481 0.4830694 1.1665994 1.1193645 1.0600534 0.8483895 0.7369777 0.9717038 1.2283042 1.4544660 1.3302441 0.8530132 0.8359975 0.5164284 1.1638918 0.7455157 0.8383095 0.6079402 0.7863937 0.7324759 1.0213091 1.0213091 1.1427659 1.1131170 1.0832550 0.4811879 0.4821845 0.5256591 0.5047488 0.8443367 0.4925444 1.2467385 1.2746918 1.2746918 1.2565412 0.5587992 0.5145746 0.8062987 0.5768058 
GCF_000021845.1_ASM2184v1                    0.9143669 0.8629574 0.7774374 0.9866819 0.7152566 1.0756856 1.0681064 0.6373865 0.6290513 0.8799878 0.0083489 0.2765022 0.1847654 0.0477003 0.7077449 0.9654535 0.5115110 0.0000000 0.0049799 0.5839265 0.0049799 0.7274281 1.0468202 0.6970722 0.7110189 1.0040821 0.6162908 0.6969720 0.1657973 0.7105795 0.9614164 1.0504393 0.1575918 0.6550866 0.8562268 0.9441684 0.9351671 0.9772818 1.2718397 0.0100592 0.2803859 0.9794929 0.9586871 1.0048608 1.0048608 1.0402193 0.9736531 0.9586871 0.9519720 1.3196594 0.9376495 0.6256502 0.7746999 0.9431521 1.0775895 0.1816930 0.8704786 1.0545316 0.1513493 1.0457162 0.8020211 0.0118181 0.7836865 0.9495546 0.9355560 0.8352910 0.0100648 1.1989391 0.6435785 0.0410705 0.9171579 0.9209396 0.9921804 1.0681064 0.6952776 0.7145542 0.8683385 1.0514963 0.2120463 0.2219575 0.2860829 0.2907959 0.1516549 0.9686953 0.8352910 0.6573459 0.9747347 0.9299071 0.3819801 0.9198510 0.6032551 0.5402699 0.7957437 0.8851449 0.6807963 0.7175249 0.9624965 0.8266595 0.9804542 0.0396779 0.6956137 0.6064667 0.9255086 0.1918444 0.7657342 0.9285908 0.5500562 0.6039216 1.0009490 1.0009490 0.8746746 1.0078264 1.0710824 1.0873649 1.0539659 1.0785116 0.9883149 0.7814899 0.3937973 0.8212883 0.9824361 1.2181687 0.7182044 1.2181687 0.9708980 1.0875788 1.0640932 0.8811451 0.9768651 0.7193746 0.9486270 0.6322495 0.6135331 0.7077449 0.8548692 0.7668858 0.9254424 0.8117445 0.6970722 0.5394586 0.5359555 0.8025489 0.5387344 0.6131947 0.2667725 0.8767965 0.7293829 1.2550806 0.9260272 1.0886038 0.9527703 0.8483085 1.1032097 0.8476476 0.6700774 0.6274390 0.6648670 0.8256858 0.9727460 1.0125750 0.8370346 0.6881072 0.6746441 0.0117946 0.2700021 0.9747347 0.5363595 0.1646329 0.9168536 0.1816930 0.9870662 0.4007489 0.9024450 0.1358367 0.7190190 0.7665316 0.7871473 0.8384100 0.1797191 0.8799878 0.9949388 0.9269555 0.8836456 0.7344026 1.0313249 1.1040909 1.1958522 1.2175970 0.6952776 0.7108014 0.2087601 1.0564543 0.7531234 0.9055409 0.5741428 0.7266873 0.7036062 0.9626457 0.9626457 1.0911513 0.8889319 0.8836124 0.1516549 0.2765022 0.2742156 0.0066507 0.6028025 0.0083489 0.9414530 0.9706644 0.9706644 0.9411531 0.6481835 0.0100648 0.7200672 0.6323556 
