131
GCA_011765465.1_ASM1176546v1                 0.0000000 1.1048556 0.7966873 0.9384489 0.9863303 0.8397706 0.8842033 0.9197210 0.8304237 1.0571807 0.7076857 0.8156830 0.8803481 0.8284481 0.8807228 0.9116967 1.0318188 0.8177077 0.8758379 0.5992642 0.8064731 1.0199591 1.1204678 1.2040757 0.7519111 0.8496072 1.0434795 0.8770719 0.9060763 0.5248658 0.8565485 1.2082152 0.6488451 0.8059187 0.9822580 1.0423830 1.0642960 0.8104109 0.8947327 0.8309698 0.9032641 0.9401960 0.8457525 1.0154208 0.7760389 0.9074385 0.9887035 0.9676269 0.8064731 0.2717604 0.9242591 0.8714073 0.8215720 0.9407579 0.8959646 0.7705349 1.0433952 1.0737882 0.3576883 0.8861819 0.9112250 0.7745125 0.8607872 0.9374252 1.1012798 0.9731128 1.1392581 0.2414968 1.1317041 0.9746764 1.1852685 1.1922958 0.8658890 1.0160689 0.9809819 1.0415808 0.8607700 0.9630597 0.4562452 0.8837631 0.7914905 0.9325757 1.0385477 0.9685774 0.8937701 0.8593073 0.8372706 0.9585160 0.9394575 0.7171162 0.8956819 1.0619456 0.7869846 0.9472601 1.0352334 0.5665046 0.8622677 0.8824768 0.8600109 1.0171385 0.7962240 0.7405689 0.8169423 1.0171385 1.1256658 0.8503373 0.8824434 0.7519939 0.9863303 0.9237984 0.2629052 0.6213471 0.9331525 0.8652978 0.8728855 0.8596207 0.8204563 0.6696789 0.8760950 0.9630474 0.3521876 1.0494114 0.9054634 0.8444672 0.9943568 0.8397706 0.9034014 0.8833849 0.8443171 0.8178347 0.7255652 
GCA_015693905.1_ASM1569390v1                 1.1048556 0.0000000 0.9928788 0.9985522 0.6359484 0.9286011 1.0922162 1.1035722 0.9394069 0.8700321 1.0424410 1.0190302 0.9219008 1.0072363 1.1092361 1.1209115 1.1408006 0.9762108 0.9108261 0.9690012 0.9033678 1.1576285 1.1557427 1.1642655 1.0857486 0.9057127 0.7566433 0.9785850 0.7358535 1.2402394 1.0891386 1.2054303 1.0567714 0.9468773 1.2649572 0.6758672 0.6332367 0.9060758 0.7273926 0.9205396 0.6846612 1.1841323 0.9608258 0.7257839 1.0168046 1.0453315 1.1602498 0.9456144 0.9033678 1.1740623 0.7114288 1.0881792 1.0585871 1.1364514 0.9822002 1.0557740 0.7544225 1.0525683 1.1961855 1.0739190 1.1438800 0.9315922 1.0896629 1.1167535 0.7050722 0.7849096 0.6858710 1.2406014 0.8568864 1.2597554 0.8022825 1.1990954 1.1878794 0.7964731 1.1416700 0.6711035 0.9364121 1.2069066 0.9105976 1.0822044 0.9830262 1.0637986 0.8656742 0.6792046 1.0714319 1.1277690 1.0519517 1.2425145 0.9699992 1.0240653 1.0029335 1.1256206 1.0156654 0.9034260 0.8432505 1.0568184 0.9290943 0.9954710 0.9905106 0.7136650 1.0864694 1.1687500 1.0238035 0.7136650 0.7848473 1.0825574 1.0074848 1.2626262 0.6359484 1.1839578 1.2278077 1.2377273 0.6964780 1.0449604 1.0575808 1.0586958 0.9034221 1.0144240 1.0882902 0.9863232 1.1979988 0.8007187 0.9481605 0.9371702 1.0983228 0.9286011 1.0137003 1.0289673 0.9353072 0.9748578 0.9718822 
GCA_016745215.1_scaff03                      0.7966873 0.9928788 0.0000000 0.7192114 0.9151632 0.5613098 0.6591281 0.6827591 0.5486624 1.0564683 0.6639900 0.6672959 0.6153188 0.5375970 0.6161249 0.6285145 0.6337282 0.4542147 0.6288366 0.5345317 0.5225473 0.8671967 0.8128216 0.8897086 0.7098215 0.5828868 0.9380628 0.5399026 0.9196931 0.9959252 0.5762938 0.8769770 0.7257998 0.5670973 1.0638794 0.9096305 0.8970995 0.5484021 0.9023465 0.5450710 0.9573683 0.6895632 0.5792645 0.9211170 0.4993966 0.6845161 0.7339321 0.6361981 0.5225473 0.7542950 0.8704974 0.6242881 0.6780669 0.9007421 0.6008244 0.5633841 0.9354343 1.0532862 0.8129072 0.7032576 0.6309864 0.5427195 0.5279818 0.6609120 1.0155901 0.9258097 1.0114882 0.7223192 1.0723520 1.0512301 1.0274542 0.8856931 0.9959494 0.9583032 0.8536798 0.8534043 0.6599509 0.8300790 0.6745284 0.6683784 0.6799902 0.7590725 1.0491734 0.8619257 0.6714867 0.5357993 0.5115584 1.1831599 0.5797123 0.6522963 0.7140881 0.7568014 0.6316626 0.6349342 1.0231890 0.5811196 0.5730033 0.6021156 0.4574453 0.9218987 0.9018879 1.0288141 0.5534968 0.9218987 1.1486850 0.6979875 0.5806665 0.9624195 0.9151632 0.6214485 0.8644694 0.7719881 0.9926017 0.6747211 0.6581520 0.6525513 0.5554501 0.7080248 0.6676580 0.8266150 0.7629373 0.8916335 0.6108226 0.5643337 0.6361130 0.5613098 0.7085633 0.7116982 0.5539979 0.6076672 0.4554812 
GCF_000013365.1_ASM1336v1                    0.9384489 0.9985522 0.7192114 0.0000000 0.8864355 0.7773488 0.1551514 0.7428416 0.7706467 1.0225053 0.7612399 0.6484642 0.7517361 0.5877343 0.7596744 0.3423992 0.6080866 0.6256625 0.6152015 0.6723755 0.6772377 0.8669704 0.8660616 0.8884659 0.6468204 0.8001151 0.9437561 0.7014830 0.8772667 1.0058454 0.6322849 0.8800455 0.8621803 0.7026285 1.2338577 0.8068353 0.9244059 0.7024521 0.8345685 0.7418017 0.9656895 0.3577482 0.7729266 0.9272760 0.7287071 0.1580531 0.7987532 0.7453551 0.6772377 0.9732414 0.7946629 0.6826761 0.7492276 0.9839053 0.6259731 0.6120428 0.9422021 1.1019705 1.0298535 0.1589628 0.3525010 0.7228555 0.6090404 0.3396477 1.0030792 1.0025075 1.0545712 1.0005411 1.1441040 1.2382947 0.9888119 0.8389075 0.9077640 0.8322229 0.7957156 0.8931246 0.7065925 0.8257221 0.7884939 0.1511241 0.7247281 0.8500592 0.9992501 0.9065345 0.1583712 0.6107467 0.5993765 1.2086499 0.6879466 0.7953168 0.7705283 0.8601487 0.6916606 0.6507126 1.0011872 0.6823000 0.7886383 0.7274912 0.6493744 0.9493400 0.9821903 0.9649333 0.7063291 0.9493400 1.0019490 0.7874911 0.5707218 1.1189077 0.8864355 0.6851396 0.8945146 0.8128642 0.9583057 0.6466951 0.1554412 0.1515748 0.7807389 0.7921587 0.1529149 0.7991610 1.0139030 1.0255126 0.7060868 0.8058645 0.7515754 0.7773488 0.7765478 0.7824739 0.7592474 0.6841643 0.4894238 
GCF_000018145.1_ASM1814v1                    0.9863303 0.6359484 0.9151632 0.8864355 0.0000000 0.8841921 0.9470544 0.9482386 0.8506909 0.5128524 0.9429840 0.8977897 0.9098955 1.0296138 0.9189576 0.9232117 1.0103465 0.8732858 0.8619721 0.9300831 0.7818390 0.9849911 0.9373122 0.9772251 1.0303428 0.8628112 0.5274603 0.9429318 0.4474071 1.1599936 0.9410409 1.1005098 0.9779837 0.9115615 1.2263111 0.5316879 0.5778794 0.7908716 0.4542925 0.8527405 0.5128683 0.9665537 0.8253590 0.5355183 0.9107880 0.9624737 1.0416718 1.0761799 0.7818390 1.0591706 0.5211062 0.9090766 1.0251213 1.1195877 0.8756707 0.9376870 0.5185005 1.2047478 1.0869595 0.9037683 0.9262964 0.8479061 0.8355671 0.9205236 0.5829924 0.5309871 0.5862207 1.1375019 0.7113131 1.2119738 0.6375663 1.0838663 1.1899790 0.5271010 1.0319643 0.5385646 0.9108262 0.9190686 1.0063200 0.9463214 0.8477842 0.9987432 0.5158542 0.5322011 0.9563703 0.8749168 0.8146972 1.1691050 0.9850847 0.9378786 0.9406445 1.1519102 0.9136731 0.8441490 0.6626652 1.0889390 0.8533724 0.9955952 1.0320240 0.5727056 1.1377856 1.2004415 0.8285814 0.5727056 0.6810145 0.9300327 0.9646908 1.0406300 0.0000010 0.9065531 1.0479545 1.1079962 0.4911025 0.9493736 0.9202583 0.9076596 0.8624274 1.0716654 0.9489881 1.0546995 1.0894243 0.5333489 0.9918105 0.8394104 0.9818987 0.8841921 0.9342255 0.9553311 0.8589041 0.8775760 0.8717500 
GCF_000018845.1_ASM1884v1                    0.8397706 0.9286011 0.5613098 0.7773488 0.8841921 0.0000000 0.7496260 0.6410568 0.0322938 0.9943793 0.6472371 0.6177828 0.6146166 0.5218408 0.6930200 0.5333354 0.6591030 0.4893613 0.6227697 0.5487361 0.3080159 0.8744324 0.9383068 0.9230674 0.7677696 0.0397903 0.9453218 0.5479038 0.8526002 0.8969516 0.6222577 0.9798901 0.7310941 0.6162157 1.1610712 0.9424237 0.8010002 0.3185811 0.8352124 0.0340321 0.9382115 0.5979601 0.1290431 0.8946831 0.5163916 0.7359725 0.8213285 0.3670262 0.3080159 0.8676093 0.8089287 0.6028923 0.4420835 0.8182249 0.6635835 0.4855259 0.9415477 0.8974329 0.8764001 0.7306875 0.5235237 0.3098728 0.5236264 0.5424492 0.9721734 1.0002548 1.0414634 0.8030343 1.0975116 1.1839923 1.1038888 0.9520022 0.8763211 0.9136823 0.7806257 0.7779366 0.6093278 0.9188735 0.7456805 0.7437127 0.5630596 0.6880523 0.9722104 0.8485060 0.7367818 0.5426828 0.5143732 1.1632857 0.3329064 0.6681854 0.7596980 0.7834050 0.5734436 0.6352584 1.0427171 0.6069773 0.1375111 0.2985629 0.5138000 0.9526153 0.7634630 1.0873121 0.3167325 0.9526153 1.0673143 0.6688372 0.5572829 0.9541995 0.8841921 0.6587442 0.8805935 0.7762628 0.9063330 0.7045332 0.7196652 0.7296185 0.0308526 0.6224657 0.7428136 0.9623607 0.8909218 0.8428424 0.3280962 0.0496192 0.7539330 0.0000010 0.7678426 0.8019672 0.0355745 0.5957613 0.5163187 
GCF_000020445.1_ASM2044v1                    0.8842033 1.0922162 0.6591281 0.1551514 0.9470544 0.7496260 0.0000000 0.7097279 0.7320860 0.9690448 0.7536316 0.6612023 0.6973257 0.5529615 0.7254048 0.3245483 0.6202789 0.6321492 0.5911333 0.6294734 0.6540537 0.7146406 0.8480312 0.8764106 0.6522830 0.7535095 0.9482547 0.6791950 0.9212656 0.9526170 0.5900681 0.8942219 0.8360537 0.6989259 1.2410764 0.8440795 0.9905729 0.6587630 0.8769975 0.7054033 0.9782986 0.3364148 0.7569095 0.9403781 0.6336108 0.0329241 0.7932928 0.7051914 0.6540537 0.8818107 0.8486096 0.6475724 0.7063473 0.9199652 0.5704747 0.5844922 0.9401041 1.1055044 0.9381695 0.0502378 0.3340348 0.7014782 0.5912003 0.3252802 0.9997174 1.1209374 1.0714074 0.9144836 1.0646076 1.2351651 1.0475818 0.8608643 0.8620352 0.9146217 0.8064519 0.9852089 0.7182143 0.7875242 0.7541724 0.0039685 0.7474099 0.8837368 0.9516952 0.9704898 0.0093020 0.6134277 0.5766061 1.2419273 0.6589822 0.7541878 0.7614816 0.8354376 0.7002614 0.6516875 1.0240827 0.6114122 0.7823558 0.6666360 0.6215246 0.9374207 0.9388422 0.9700690 0.6496913 0.9374207 0.9619772 0.7126016 0.5290057 1.1155162 0.9470544 0.6862488 0.8924503 0.8219774 1.0337871 0.6572789 0.0298933 0.0284820 0.7289719 0.8000580 0.0052962 0.7733115 0.8938860 1.0174512 0.6732351 0.7437140 0.6830197 0.7496260 0.7729660 0.7511672 0.7154224 0.6975484 0.4505070 
GCF_000021745.1_ASM2174v1                    0.9197210 1.1035722 0.6827591 0.7428416 0.9482386 0.6410568 0.7097279 0.0000000 0.6073546 1.2074226 0.6157950 0.6047445 0.7133514 0.6189811 0.8083155 0.6094853 0.6278983 0.5268110 0.7609188 0.6402673 0.5570950 0.8982982 0.9704333 0.9335230 0.7888651 0.6673114 1.1080917 0.6682124 1.0156447 1.0499871 0.6602648 0.9511080 0.7699360 0.6266174 1.1174847 1.0432993 0.9122305 0.5438580 0.9280446 0.6515302 0.9754811 0.6501369 0.6756849 0.9989821 0.6911959 0.6941614 0.8368089 0.6621751 0.5570950 0.9156923 0.8242431 0.6091452 0.6228358 0.8802069 0.7429593 0.6207148 1.0954188 1.0104672 0.9653836 0.7203791 0.6037810 0.5948061 0.5825119 0.6218632 1.0369980 1.0395176 1.0894006 0.9070241 1.1450190 1.1083456 1.1473119 0.9465597 1.0174021 0.9825592 0.9106272 1.0066406 0.6882739 0.8370363 0.7238323 0.7103256 0.7484549 0.8058829 1.1971533 0.9404310 0.6833592 0.6236635 0.5675867 1.1654133 0.6177942 0.6361994 0.8656959 0.7793627 0.7575382 0.8751696 1.1739110 0.6249522 0.6530347 0.6345801 0.6097158 1.0349817 0.8605884 1.0251825 0.6006379 1.0349817 1.0638445 0.6882435 0.7399624 0.8999469 0.9482386 0.7383117 0.9545059 0.7973343 0.9668387 0.7765910 0.6841866 0.6932353 0.6431399 0.6837710 0.7178480 0.8531534 1.0019815 0.9042051 0.6378417 0.6745305 0.7297697 0.6410568 0.8821255 0.8973927 0.6559690 0.5134094 0.4939713 
GCF_000021845.1_ASM2184v1                    0.8304237 0.9394069 0.5486624 0.7706467 0.8506909 0.0322938 0.7320860 0.6073546 0.0000000 0.9863342 0.6229208 0.5951422 0.6078738 0.5160404 0.6855765 0.5299081 0.6672727 0.4729499 0.6147453 0.5372232 0.3091148 0.8532272 0.9352373 0.9236108 0.7681457 0.0523278 0.9207912 0.5622532 0.8403777 0.9226672 0.6157911 0.9702733 0.7211014 0.6212876 1.1387818 0.9458307 0.7681721 0.3196499 0.8099962 0.0292979 0.8691081 0.6045972 0.1348617 0.8743425 0.5187262 0.7131313 0.7980550 0.3610305 0.3091148 0.8468444 0.7904500 0.5824189 0.4337695 0.7839586 0.6429252 0.4818292 0.9261750 0.8613406 0.8474480 0.7093747 0.5202110 0.3041561 0.5022583 0.5434011 0.9698350 0.9892242 1.0405749 0.7966982 1.0246543 1.1609998 1.0885886 0.9426529 0.8864121 0.8793386 0.7602266 0.7577137 0.5739966 0.8639814 0.7324745 0.7263569 0.5660589 0.6793162 0.9708419 0.8115427 0.7139957 0.5208607 0.4933392 1.1280289 0.3303908 0.6530792 0.7497854 0.7769588 0.5637002 0.6650190 1.0328049 0.6370155 0.1440115 0.3061166 0.4965010 0.9132190 0.7310030 1.0902936 0.3122620 0.9132190 1.0346918 0.6399117 0.5563773 0.9314689 0.8506909 0.6414580 0.8406998 0.7915458 0.9140092 0.7001485 0.6975456 0.7071162 0.0276124 0.6188352 0.7254965 0.9602967 0.8695856 0.8131118 0.3256162 0.0414603 0.7097502 0.0322938 0.7578588 0.7915716 0.0308158 0.6047418 0.4842758 
GCF_000021865.1_ASM2186v1                    1.0571807 0.8700321 1.0564683 1.0225053 0.5128524 0.9943793 0.9690448 1.2074226 0.9863342 0.0000000 1.1393245 1.0165552 1.0515793 1.1012504 1.1695569 1.2386552 1.3266054 1.1258137 1.0566458 0.9702236 1.0474999 1.2141010 1.0334506 1.0575415 1.1334938 0.9491423 0.5343963 1.1342220 0.6306931 1.0017955 1.2563790 1.2457398 0.9512988 0.9518426 1.1929960 0.5658865 0.6704864 1.0332750 0.6179868 0.9426580 0.5985620 1.2197368 1.0060189 0.5051352 1.1869190 1.0202184 1.1718990 1.2738195 1.0474999 1.0720933 0.5610445 1.0276399 1.1090787 1.2004033 1.1100825 1.0595837 0.5419824 1.1593380 0.9882538 0.9832025 1.2258445 0.9017489 1.1763767 1.2366278 0.7017941 0.7283115 0.6839638 1.0276704 0.7211164 1.1733786 0.6443071 1.2734572 1.2308198 0.6271971 1.3440876 0.6308519 1.1842877 1.2044704 0.9426520 0.9776081 0.9474951 1.0608607 0.0132064 0.6236499 1.0034316 1.1814151 1.1429657 1.1401660 1.1090739 1.1633101 1.0375437 1.2105676 0.9156953 1.0304830 0.3431612 1.0693156 0.9977776 1.2213974 1.1669341 0.5396298 1.1221000 1.2816794 1.0557797 0.5396298 0.5801401 0.9850718 1.1469156 1.0931731 0.5128524 1.1026965 1.0379660 1.2223574 0.6102833 1.1353073 1.0062930 1.0008786 0.9480392 1.0523204 0.9778764 1.1612849 0.9810539 0.5854013 1.1410728 0.9546327 1.0819998 0.9943793 1.0146447 0.9555360 0.9581023 1.0246017 1.0139355 
GCF_000144605.1_ASM14460v1                   0.7076857 1.0424410 0.6639900 0.7612399 0.9429840 0.6472371 0.7536316 0.6157950 0.6229208 1.1393245 0.0000000 0.6506687 0.7878065 0.6257601 0.7343681 0.6213853 0.6404810 0.6064486 0.6693243 0.5378937 0.5501972 0.8892358 0.9540264 1.0461884 0.6482470 0.6566640 1.1732701 0.6816032 0.9594342 0.8218918 0.7608679 0.9754358 0.5942021 0.6991759 1.1647363 1.0864526 0.9291558 0.5489487 0.9463561 0.6442246 0.9979688 0.6675857 0.6439027 1.1447757 0.6458327 0.7592874 0.8343080 0.6230278 0.5501972 0.8234258 0.9067346 0.6068253 0.6202519 1.0153985 0.6542737 0.6388280 1.1709402 1.1265899 0.8021340 0.7250250 0.6160936 0.5648044 0.5875262 0.6435844 0.9994485 1.1259431 1.2266291 0.6673912 1.2789143 1.1793448 1.1819931 0.9980592 0.7156926 0.9934343 0.8367199 0.8665987 0.6311824 0.8213283 0.6178337 0.7600413 0.6654905 0.7751759 1.1376270 0.8477720 0.7522185 0.5859442 0.5761579 1.1203504 0.6245551 0.0627220 0.8179116 0.9215230 0.5617833 0.6491819 1.1550100 0.5159254 0.6908772 0.6533065 0.6710708 1.1686333 0.8093095 0.8799740 0.5398984 1.1686333 1.1412624 0.5710350 0.6445182 0.7222056 0.9429840 0.6327197 0.7251181 0.5606073 0.9636206 0.7018577 0.7457167 0.7377062 0.6516098 0.5146439 0.7602317 0.8782044 0.7850327 0.9820386 0.6348813 0.6598900 0.7222672 0.6472371 0.8267131 0.8375829 0.6487155 0.6096129 0.5413701 
GCF_000166055.1_ASM16605v1                   0.8156830 1.0190302 0.6672959 0.6484642 0.8977897 0.6177828 0.6612023 0.6047445 0.5951422 1.0165552 0.6506687 0.0000000 0.7069594 0.5666032 0.6896751 0.5805952 0.6309801 0.5336651 0.6336182 0.6728305 0.5740227 0.8759575 0.9981461 0.9704775 0.6658073 0.6057030 1.0446588 0.5646530 0.9548646 0.8596932 0.5119943 0.9096115 0.7900831 0.6175927 1.0385337 0.9553513 1.1152991 0.5787028 0.9740503 0.6006052 1.0794681 0.6088594 0.6579065 1.0157772 0.6861290 0.7003620 0.7869570 0.6501926 0.5740227 0.8914341 0.9123712 0.5422285 0.6602610 0.9512486 0.5965578 0.5956153 1.0513757 0.9887078 0.9128254 0.7041303 0.5776506 0.6208026 0.4909569 0.6027557 1.1051943 1.1571285 1.1349018 0.8802580 1.1857100 1.0500737 1.1206562 0.8979383 0.9905466 1.0395336 0.7807426 1.0549467 0.6562237 0.8288929 0.7187770 0.6656833 0.7580557 0.7483568 1.0296113 0.9145370 0.6833872 0.5183106 0.4837859 1.0680834 0.6348239 0.6951071 0.7768176 0.7849778 0.6492447 0.7318189 1.0070791 0.7169470 0.6463288 0.6208863 0.5509859 1.0060762 0.8092663 0.9779933 0.5839030 1.0060762 1.2065177 0.6146543 0.5942240 0.8951337 0.8977897 0.6398530 0.9375382 0.7508404 0.9054555 0.6724974 0.6973010 0.6820766 0.5799750 0.7024941 0.6695074 0.8513351 0.9050495 0.9876920 0.6368507 0.5909946 0.6821611 0.6177828 0.7717405 0.8037264 0.6105367 0.6320060 0.4816727 
GCF_000225955.1_ASM22595v1                   0.8803481 0.9219008 0.6153188 0.7517361 0.9098955 0.6146166 0.6973257 0.7133514 0.6078738 1.0515793 0.7878065 0.7069594 0.0000000 0.5340834 0.7187372 0.6843835 0.5875209 0.6120110 0.6995107 0.6316456 0.5212148 0.8815606 1.0058765 1.0558926 0.7567168 0.6024207 0.9901749 0.6863600 0.8239096 0.9988788 0.5872486 1.0118553 0.8759337 0.6175835 1.0540083 0.9368245 0.9745135 0.5307987 0.7794504 0.5773746 1.0381808 0.6613582 0.6361542 0.9608269 0.6090640 0.7053619 0.7973913 0.6165490 0.5212148 0.9245974 0.7594536 0.6515475 0.6162530 0.8922481 0.6052984 0.5132669 0.9881986 0.9287912 0.8321306 0.6630221 0.6785582 0.5325901 0.5820894 0.7010014 0.9734480 0.8848174 1.1190865 0.9051479 1.0276150 1.0451871 1.0131612 0.9975606 0.8728893 0.8490806 0.8509670 0.8972655 0.7199147 0.8431881 0.6574383 0.7020988 0.6457367 0.6542698 1.0454348 0.6799830 0.7151947 0.5923735 0.5747468 1.0809597 0.5619732 0.7923861 0.7132867 0.8160579 0.6588242 0.7735663 0.9377523 0.6355890 0.6759559 0.6017325 0.6164037 0.9251354 0.8813439 0.9855866 0.5629439 0.9251354 0.9717218 0.7753303 0.6046645 0.9137158 0.9098955 0.6597199 0.9186166 0.7801890 0.9087068 0.8105801 0.7059761 0.7003090 0.5797564 0.7793602 0.7061644 0.7600258 0.8832950 0.7718345 0.5880618 0.5949729 0.7973108 0.6146166 0.7050305 0.7397946 0.5858847 0.6480546 0.5587611 
GCF_000227745.2_ASM22774v3                   0.8284481 1.0072363 0.5375970 0.5877343 1.0296138 0.5218408 0.5529615 0.6189811 0.5160404 1.1012504 0.6257601 0.5666032 0.5340834 0.0000000 0.6087389 0.5186211 0.6072616 0.4415984 0.6499681 0.4993900 0.5082984 0.8488871 0.8843814 0.9449170 0.6399452 0.5271890 1.0735650 0.4681734 0.9181010 0.8639435 0.5795395 0.9512427 0.7029239 0.6162938 1.1420961 0.9790744 1.0065159 0.4997022 0.8968157 0.4893951 1.0487048 0.5568100 0.4967735 1.0639805 0.4143726 0.5618993 0.7835811 0.5029588 0.5082984 0.8815246 0.8386571 0.6541510 0.4936963 0.8089094 0.6326430 0.4589987 1.0871680 0.9396758 0.8224862 0.5530459 0.5148695 0.5069458 0.4360880 0.5419063 1.1145544 1.0442054 1.1344559 0.8379412 1.2436144 1.1281440 1.0829551 0.9125809 0.9496024 1.0399206 0.9222618 0.9235608 0.5621071 0.7683654 0.6502117 0.5525701 0.7444546 0.6637455 1.1047335 0.8119171 0.5589191 0.4656326 0.4259725 1.1800308 0.4843352 0.6246561 0.6969426 0.7320671 0.5807648 0.6732739 1.1189214 0.5613418 0.5023602 0.4988368 0.2194402 0.9961562 0.7789569 1.0057235 0.4766216 0.9961562 1.0453364 0.6342521 0.5392083 0.9667605 1.0296138 0.5540953 0.8381074 0.7180275 0.9851709 0.6498685 0.5766024 0.5656923 0.5019562 0.6914662 0.5547559 0.8663810 0.8279178 0.9522198 0.5194152 0.5249654 0.5879901 0.5218408 0.7062955 0.7215637 0.4929476 0.5320682 0.4009311 
GCF_000284255.1_ASM28425v1                   0.8807228 1.1092361 0.6161249 0.7596744 0.9189576 0.6930200 0.7254048 0.8083155 0.6855765 1.1695569 0.7343681 0.6896751 0.7187372 0.6087389 0.0000000 0.7396564 0.7605935 0.5240921 0.6845176 0.6382704 0.6235616 0.7640189 0.9062122 0.8737385 0.7012408 0.7163420 1.1635162 0.6581685 0.9874281 0.9272458 0.5730664 0.9386256 0.8420777 0.7378031 1.0816872 0.9967613 1.1105492 0.6150553 1.0294412 0.6543997 1.0528767 0.7644181 0.6851058 1.1462089 0.6454963 0.7261595 0.7554634 0.6712185 0.6235616 0.8919524 1.0112236 0.7666839 0.6984846 1.0561110 0.7327409 0.5914546 1.1854849 1.0273616 0.9138154 0.7484891 0.7415455 0.6228120 0.5705475 0.7623803 1.2615084 1.1185480 1.2610163 0.8696392 1.0801895 1.0935808 1.2031723 0.9197904 0.9632588 1.0055550 0.9266068 1.0213446 0.6658079 0.7960064 0.8385546 0.7259127 0.8086153 0.8682895 1.1522872 0.8907675 0.7392823 0.5655036 0.5610934 1.0864827 0.6485808 0.7421515 0.6414395 0.7100967 0.7404214 0.7178722 1.3742258 0.6080123 0.7011620 0.6620042 0.6357142 1.0911780 0.8984126 1.0701190 0.5936298 1.0911780 1.2496073 0.7261231 0.6798712 1.0100298 0.9189576 0.6410150 0.8534934 0.8187191 1.2743369 0.6674542 0.7307042 0.7197087 0.6912958 0.7232442 0.7194003 0.7746261 0.9482130 1.1450502 0.6687836 0.6991976 0.8179480 0.6930200 0.6419039 0.6578857 0.6637405 0.6516946 0.6420408 
GCF_000284275.1_ASM28427v1                   0.9116967 1.1209115 0.6285145 0.3423992 0.9232117 0.5333354 0.3245483 0.6094853 0.5299081 1.2386552 0.6213853 0.5805952 0.6843835 0.5186211 0.7396564 0.0000000 0.6459513 0.5201483 0.5660549 0.5651999 0.5668432 0.8028445 0.8243386 0.7994368 0.6307465 0.5572690 1.1230495 0.5488148 0.9351917 1.0418226 0.5477097 0.8442044 0.7555503 0.6299676 1.2614631 0.9889457 1.0502348 0.5729335 0.8927942 0.5184061 1.0158132 0.0798602 0.5837838 1.0785427 0.6106289 0.3214604 0.7232945 0.6108644 0.5668432 1.0002741 0.8605101 0.6676176 0.5727970 0.8389286 0.4901969 0.5347509 1.1209146 1.0778996 0.9554179 0.3348333 0.0064943 0.5807252 0.5031862 0.0222952 1.0324780 0.9695725 1.0644700 0.8990530 1.3431845 1.2827311 1.0975493 0.8158753 0.8078706 0.9035386 0.9024602 0.9465883 0.6495857 0.7463713 0.7360418 0.3215765 0.7205364 0.7921005 1.2211890 0.9073263 0.3230094 0.5296574 0.5013851 1.3284491 0.5724186 0.6181818 0.6997303 0.7969103 0.6470441 0.6552471 1.1493825 0.6300474 0.5901110 0.5585384 0.5368055 1.0682727 0.9239936 1.0094998 0.5613331 1.0682727 1.0475930 0.6932451 0.4556766 0.9618397 0.9232117 0.6470304 0.9407250 0.7505605 1.0021247 0.6348802 0.3091728 0.3064378 0.5345704 0.7880247 0.3266195 0.8377310 0.9754945 0.9643471 0.6184105 0.5533375 0.5792341 0.5333354 0.7097756 0.7028566 0.5220707 0.5733872 0.4296365 
GCF_000284415.1_ASM28441v2                   1.0318188 1.1408006 0.6337282 0.6080866 1.0103465 0.6591030 0.6202789 0.6278983 0.6672727 1.3266054 0.6404810 0.6309801 0.5875209 0.6072616 0.7605935 0.6459513 0.0000000 0.5876517 0.5831202 0.7173012 0.5972896 0.9495504 0.9718238 1.0749968 0.6419916 0.6618544 0.9616521 0.6414766 0.8482332 1.0375461 0.7004137 0.9929611 0.8164461 0.5549886 1.2921554 0.9951980 0.8679488 0.5953425 0.7923270 0.6826116 0.9393210 0.6944902 0.6517899 0.9789390 0.7592701 0.6674360 0.9113815 0.6909061 0.5972896 1.0791859 0.9445339 0.6857002 0.7705092 0.8009258 0.7471552 0.6071674 0.9614247 1.2551315 1.0329545 0.6627313 0.6459569 0.5986618 0.6493133 0.6313544 1.0207739 1.0676178 1.1432134 1.0323787 0.9159781 1.3232232 0.9928312 0.8992886 1.0323634 0.9358242 0.8415630 0.8135827 0.7805143 0.9181414 0.8452231 0.6202789 0.7921510 0.8768355 1.2774402 0.8083014 0.6188827 0.6556203 0.6343016 1.2888040 0.6526025 0.6802325 0.6934725 0.7759434 0.6468173 0.8139295 1.2372347 0.7253609 0.6833616 0.6557211 0.6252159 1.0363323 0.8805803 1.2561493 0.6052205 1.0363323 1.0056510 0.6834007 0.6593689 0.9504051 1.0103465 0.6628062 0.9894300 0.8500058 1.0021382 0.6703162 0.6519610 0.6441703 0.6684012 0.7275863 0.6262318 0.7640949 1.0762891 0.9431762 0.6779424 0.6348457 0.7994818 0.6591030 0.6702512 0.7095016 0.6819527 0.4949906 0.5288962 
GCF_000327045.1_ASM32704v1                   0.8177077 0.9762108 0.4542147 0.6256625 0.8732858 0.4893613 0.6321492 0.5268110 0.4729499 1.1258137 0.6064486 0.5336651 0.6120110 0.4415984 0.5240921 0.5201483 0.5876517 0.0000000 0.6060132 0.5002862 0.4346630 0.7254881 0.7380719 0.8047876 0.6312450 0.5146634 0.9425711 0.4804497 0.9133032 0.9007632 0.4911555 0.8455296 0.7326724 0.5415012 1.1013816 0.9707656 0.9300223 0.4580082 0.8439629 0.5042722 0.9449059 0.5652056 0.5129551 0.9488688 0.5103753 0.6262163 0.6807448 0.5128169 0.4346630 0.7920110 0.7966668 0.5341603 0.5373304 0.8426272 0.5565043 0.4189679 0.9598961 0.9108703 0.8146914 0.6324602 0.5221737 0.4570107 0.3805111 0.5277497 0.9231279 0.9838320 1.0872444 0.7864519 1.1685053 1.0969750 1.1631678 0.8159766 0.9753112 0.9667546 0.8494253 0.9070652 0.5197189 0.6634653 0.5866665 0.6317882 0.6581660 0.6784127 1.1304911 0.9159236 0.6119071 0.3888635 0.3772905 1.1519360 0.4554354 0.6259106 0.7026925 0.7141234 0.6481934 0.6399178 1.0939111 0.5411267 0.5237547 0.4941235 0.3829818 0.9645273 0.8134728 0.9989553 0.4469469 0.9645273 1.0010337 0.6231520 0.4869286 0.8512606 0.8732858 0.5536973 0.8145591 0.7133666 0.9350692 0.5681972 0.6042760 0.6077704 0.4994636 0.7638943 0.6354411 0.6612167 0.8490351 0.9422203 0.4875462 0.5059197 0.5880897 0.4893613 0.7150121 0.7330813 0.5126331 0.5304771 0.4293261 
GCF_000344805.1_ASM34480v1                   0.8758379 0.9108261 0.6288366 0.6152015 0.8619721 0.6227697 0.5911333 0.7609188 0.6147453 1.0566458 0.6693243 0.6336182 0.6995107 0.6499681 0.6845176 0.5660549 0.5831202 0.6060132 0.0000000 0.6543998 0.6003925 0.8953183 0.8966777 0.8721342 0.6865674 0.6337487 0.9354541 0.6553004 0.8285031 0.8961211 0.5469810 0.9708400 0.7596343 0.6665477 1.3024928 0.8940363 0.8736961 0.6180730 0.8315743 0.6208717 0.8409056 0.5944488 0.6640552 0.9239250 0.6420221 0.5816880 0.8152829 0.6889624 0.6003925 0.9211112 0.6735572 0.5395218 0.7153348 0.8759267 0.3799461 0.5787411 0.9359269 1.2826333 0.8803160 0.5638716 0.5660180 0.5515515 0.6190986 0.5650817 0.9309196 0.9703879 0.9602587 0.9061889 1.0196690 1.2704445 0.9408594 0.9379400 0.8643319 0.9193547 0.7458005 0.8260658 0.6626342 0.8519828 0.6668484 0.5951592 0.6545015 0.8468557 1.0380763 0.8133668 0.6078877 0.6522857 0.6144460 1.2773108 0.5945614 0.6954821 0.8372211 0.8997484 0.7140752 0.7153401 0.9527928 0.7275965 0.6716293 0.6325213 0.6610657 0.9657117 0.7153424 1.1058986 0.6338059 0.9657117 0.9333802 0.6564872 0.5714664 1.0206166 0.8619721 0.6671083 0.9364667 0.8242436 0.9037341 0.6188631 0.5910310 0.5795697 0.6224045 0.7926266 0.5997144 0.8553749 0.8784504 0.7771216 0.6100121 0.6330039 0.6438925 0.6227697 0.8385728 0.8702146 0.6251313 0.5822180 0.5061115 
GCF_000512205.2_ASM51220v2                   0.5992642 0.9690012 0.5345317 0.6723755 0.9300831 0.5487361 0.6294734 0.6402673 0.5372232 0.9702236 0.5378937 0.6728305 0.6316456 0.4993900 0.6382704 0.5651999 0.7173012 0.5002862 0.6543998 0.0000000 0.4723671 0.8424165 0.8734080 0.9129927 0.6248589 0.5443401 0.9148038 0.6271524 0.8812985 0.7240182 0.5471927 1.0109278 0.5150825 0.5827231 0.9193398 0.8240968 0.8411891 0.4840516 0.8964302 0.5228447 0.8080704 0.6037462 0.5688454 0.8485202 0.5321533 0.6275014 0.7567615 0.5941505 0.4723671 0.6994180 0.7520722 0.6276650 0.6097791 0.8231790 0.6053924 0.5202188 0.9251856 0.8815907 0.6740589 0.6172525 0.5670907 0.4798933 0.5265481 0.5874814 1.0030703 0.9859719 1.0293762 0.6470009 1.1319227 0.9294654 1.0679541 0.9698188 0.5996906 0.9477118 0.7304691 0.8056766 0.5686274 0.8634624 0.4427484 0.6242765 0.4863431 0.6346377 0.9690766 0.8185208 0.6290697 0.5249937 0.5043490 0.9982345 0.5394025 0.5536118 0.6352949 0.8069365 0.4838158 0.4969173 0.9450782 0.2093824 0.5426309 0.5516074 0.5200945 0.8847170 0.7354086 0.7400890 0.5204578 0.8847170 0.9983432 0.5803964 0.5228764 0.5866439 0.9300831 0.6416754 0.6450597 0.5371569 0.8973026 0.6376978 0.6235893 0.6022580 0.5273852 0.4121115 0.6328671 0.8410989 0.6329477 0.8643869 0.5627384 0.5335246 0.6762225 0.5487361 0.6501138 0.6682918 0.5267760 0.6428024 0.4700125 
GCF_000757795.1_ASM75779v1                   0.8064731 0.9033678 0.5225473 0.6772377 0.7818390 0.3080159 0.6540537 0.5570950 0.3091148 1.0474999 0.5501972 0.5740227 0.5212148 0.5082984 0.6235616 0.5668432 0.5972896 0.4346630 0.6003925 0.4723671 0.0000000 0.7888469 0.8666850 0.8683218 0.6104521 0.3018394 0.8767899 0.5507178 0.8469195 0.8386290 0.6008477 0.9212703 0.6609534 0.5037442 0.9034833 0.7959689 0.7077400 0.0142530 0.7772579 0.2934115 0.9056651 0.6082318 0.3184554 0.8201902 0.5201683 0.6710137 0.7518158 0.3612452 0.0000010 0.8101349 0.6784239 0.5717976 0.4457891 0.7811563 0.6729844 0.4973933 0.8753759 0.8064201 0.7837643 0.6576868 0.5626420 0.1392919 0.4637044 0.5789267 0.7309275 0.8988871 0.9678077 0.7894988 1.0431372 0.9173764 0.9881553 0.9206561 0.8358480 0.7719697 0.7922159 0.7187120 0.6024879 0.8286662 0.6324967 0.6436795 0.6046643 0.6325272 1.0341221 0.7399953 0.6612645 0.4792020 0.4476025 1.0220466 0.3310069 0.5840130 0.7042689 0.7762797 0.5846653 0.6833687 0.9101243 0.5131182 0.3347894 0.3097997 0.5111289 0.8510850 0.7208128 0.9881764 0.0959386 0.8510850 1.0127387 0.5716479 0.4749943 0.8606481 0.7818390 0.5951006 0.8292752 0.7652637 0.7501598 0.6530878 0.6515381 0.6372526 0.2979993 0.5824066 0.6536361 0.8711745 0.7918048 0.7477399 0.3183823 0.3070280 0.6879721 0.3080159 0.7050223 0.7205394 0.2960578 0.5850978 0.4411446 
GCF_000973625.1_ASM97362v1                   1.0199591 1.1576285 0.8671967 0.8669704 0.9849911 0.8744324 0.7146406 0.8982982 0.8532272 1.2141010 0.8892358 0.8759575 0.8815606 0.8488871 0.7640189 0.8028445 0.9495504 0.7254881 0.8953183 0.8424165 0.7888469 0.0000000 0.8497032 0.8111879 0.6610977 0.8428309 1.1415196 0.8617685 1.2590571 1.0715978 0.8009110 0.8489146 0.9249228 0.8811489 1.1393844 1.0704668 1.1778448 0.8138703 1.1246500 0.8770815 1.1860799 0.8437362 0.8583264 1.0835363 0.9217692 0.7613441 0.3575522 1.0196458 0.7888469 0.9473661 1.0888936 0.8500674 0.8448587 1.0522670 0.7554437 0.6852726 1.1310517 1.1429730 1.0511285 0.7668749 0.8049169 0.8901923 0.7955807 0.8041706 1.1270245 1.1733458 1.2113241 1.0206241 1.4771712 1.1182556 1.1570868 0.9123600 1.0199016 1.2329041 0.8696861 1.1251354 0.7536491 0.1592302 0.8952577 0.7153033 0.8768397 1.0073943 1.2024167 1.1554456 0.7308290 0.7579003 0.7758272 1.1985420 0.9214852 0.8638247 0.5467126 0.6116396 0.9291732 0.7880027 1.1956728 0.7985244 0.8193669 0.9717257 0.8988959 1.1677042 1.0307092 1.0030206 0.7919471 1.1677042 1.2689140 0.9610357 0.7739553 1.1001958 0.9849911 0.6576963 1.0330193 0.8616210 1.1449710 0.6742020 0.7275005 0.7181364 0.8672590 0.9371557 0.7215760 0.4034224 1.0689713 1.2083010 0.9511874 0.8631263 0.8965514 0.8744324 0.5473756 0.5412015 0.8911462 0.8319447 0.7605331 
GCF_001412535.1_ASM141253v1                  1.1204678 1.1557427 0.8128216 0.8660616 0.9373122 0.9383068 0.8480312 0.9704333 0.9352373 1.0334506 0.9540264 0.9981461 1.0058765 0.8843814 0.9062122 0.8243386 0.9718238 0.7380719 0.8966777 0.8734080 0.8666850 0.8497032 0.0000000 0.2521458 0.8486597 0.9539617 1.3261976 0.9640822 1.0052236 1.1916919 0.9096003 0.4993702 0.9334110 0.9658453 1.3786156 1.1552256 1.1796596 0.8694378 1.0204051 0.9189345 1.1017038 0.8431140 0.9206642 1.2792128 0.8421026 0.8508078 0.9347637 1.0059436 0.8666850 1.1103932 1.0060964 0.8814825 0.9095423 1.1549766 0.9961125 0.7925627 1.3263612 1.2351853 1.2647233 0.8606321 0.8248269 0.8877203 0.9028011 0.8205540 1.3792699 1.2737535 1.1907893 1.1475173 1.3041899 1.3719988 1.1790722 0.4965336 1.1282280 1.1238416 0.9495500 1.1533612 0.8509904 0.9506316 0.9999735 0.8415229 1.0815700 0.9476127 1.0114613 1.1508650 0.8632343 0.8908457 0.8982421 1.5184492 0.9026145 0.9306432 0.8236714 0.8618622 0.9309569 0.9385948 1.2333438 0.9316132 0.9264608 0.9587521 0.8922571 1.3717736 1.0630189 1.0985103 0.8670231 1.3717736 1.1790222 0.9624670 0.8088564 1.1801374 0.9373122 0.7536017 1.1337952 1.0711824 1.1557813 0.8096137 0.8481003 0.8258845 0.9330482 0.9248885 0.8382698 0.7802234 1.2258976 1.1550101 0.9340114 0.9402232 0.9148334 0.9383068 0.8608119 0.8059509 0.9099146 0.9452670 0.8403152 
GCF_001412575.1_ASM141257v1                  1.2040757 1.1642655 0.8897086 0.8884659 0.9772251 0.9230674 0.8764106 0.9335230 0.9236108 1.0575415 1.0461884 0.9704775 1.0558926 0.9449170 0.8737385 0.7994368 1.0749968 0.8047876 0.8721342 0.9129927 0.8683218 0.8111879 0.2521458 0.0000000 0.8284678 0.9049460 1.3169130 0.9495776 1.1373512 1.2000207 0.8977876 0.4578769 0.9870973 0.8528857 1.1859525 1.0974217 1.4125849 0.8843880 1.1028747 0.9086255 1.3043163 0.8087931 0.9271561 1.3021641 0.9148175 0.8711348 0.8375142 0.9449067 0.8683218 1.0779366 1.1473372 0.9757456 0.9116371 1.1815856 0.9283598 0.7842366 1.3014782 1.3021377 1.3311366 0.8898773 0.7934093 0.9070064 0.8735928 0.8107001 1.2993203 1.3494779 1.1917504 1.0899570 1.3331568 1.1897829 1.1783929 0.4680492 1.1961241 1.2616184 1.0529907 1.2442226 0.9726022 0.9158129 1.0208088 0.8821167 1.0686708 1.0584321 1.0606227 1.0920652 0.8887391 0.8719959 0.8734848 1.3519235 0.8663346 1.0560041 0.8609415 0.8520298 1.1033266 0.9085724 1.1591420 0.8979591 0.9217721 0.9232564 0.9825287 1.3160698 1.2913540 1.1751584 0.8826262 1.3160698 1.3771299 1.0751260 0.8638631 1.2364292 0.9772251 0.8233869 1.2039207 1.0672266 1.1681888 0.8436367 0.8683349 0.8511045 0.8850499 0.9120354 0.8786346 0.7574345 1.3069090 1.2392126 0.8985184 0.8997363 0.9070538 0.9230674 0.8872266 0.8703048 0.8997845 0.9919775 0.8712044 
GCF_001483865.1_ASM148386v1                  0.7519111 1.0857486 0.7098215 0.6468204 1.0303428 0.7677696 0.6522830 0.7888651 0.7681457 1.1334938 0.6482470 0.6658073 0.7567168 0.6399452 0.7012408 0.6307465 0.6419916 0.6312450 0.6865674 0.6248589 0.6104521 0.6610977 0.8486597 0.8284678 0.0000000 0.7437786 1.0318653 0.7126087 0.9877934 0.8770432 0.6815056 0.7712483 0.8337413 0.7277952 1.2075098 0.9451216 1.1471056 0.6264880 0.9490239 0.7458524 1.0714898 0.6820377 0.7716626 1.0153299 0.7287855 0.6610795 0.7945197 0.7353067 0.6104521 0.7627877 0.9432890 0.6630215 0.7124516 0.9519456 0.7322360 0.4728329 1.0245072 1.0676789 0.8389390 0.6493317 0.6265690 0.6880783 0.5487165 0.6765841 1.1374424 1.0152650 1.1787819 0.7866722 1.2439703 1.2018793 1.1570580 0.8000658 0.9882247 1.0110249 0.7124766 0.9388587 0.6638513 0.7462102 0.6815380 0.6578914 0.7980329 0.7316022 1.1034846 1.0731125 0.6627910 0.5359969 0.5329174 1.2407778 0.6776300 0.6775208 0.5881530 0.6914378 0.7799712 0.8081339 1.0833792 0.6361657 0.7793347 0.6678961 0.6799601 1.0710583 0.9689773 1.0288018 0.6619286 1.0710583 0.9958944 0.7678990 0.6250542 0.9419525 1.0303428 0.5546571 0.8108298 0.7368704 0.9184512 0.1573842 0.6470507 0.6419429 0.7420573 0.6793069 0.6600688 0.7263645 0.8396591 1.0141530 0.6644917 0.7576644 0.7913469 0.7677696 0.6064242 0.5846543 0.7565315 0.6690110 0.5401410 
GCF_001542815.1_ASM154281v1                  0.8496072 0.9057127 0.5828868 0.8001151 0.8628112 0.0397903 0.7535095 0.6673114 0.0523278 0.9491423 0.6566640 0.6057030 0.6024207 0.5271890 0.7163420 0.5572690 0.6618544 0.5146634 0.6337487 0.5443401 0.3018394 0.8428309 0.9539617 0.9049460 0.7437786 0.0000000 0.9349479 0.5489344 0.8518988 0.9040698 0.6505804 0.9809928 0.7374255 0.5982314 1.0721499 0.9132231 0.7977002 0.3094881 0.8226520 0.0384307 0.9370400 0.6158008 0.1231907 0.8798501 0.5079413 0.7682193 0.8095131 0.3503291 0.3018394 0.8343177 0.8198098 0.5879603 0.4295522 0.8094033 0.6298541 0.4740526 0.9502620 0.8837171 0.8602097 0.7466409 0.5471991 0.2972819 0.5119927 0.5753980 0.9579621 1.0097200 1.0055077 0.8390983 1.1268456 1.0927560 1.0719626 0.9530874 0.9063200 0.8908056 0.8131983 0.7794121 0.6025890 0.8818752 0.7479139 0.7599745 0.5821119 0.6866308 0.9281008 0.8311483 0.7746476 0.5353937 0.5029595 1.0829779 0.3156044 0.6711126 0.7488400 0.7786225 0.5818476 0.6439089 0.9639816 0.6131886 0.1324603 0.2900406 0.5010495 0.9163234 0.7483309 1.1172304 0.2943025 0.9163234 1.0463449 0.6784718 0.5495054 0.9924783 0.8628112 0.6473239 0.8897648 0.7930950 0.9141720 0.6982587 0.7566874 0.7456032 0.0291393 0.6044859 0.7590479 0.9437073 0.8645111 0.8379209 0.3080877 0.0475854 0.7422125 0.0397903 0.7569208 0.7929762 0.0399795 0.6424567 0.5084482 
GCF_001576595.1_ASM157659v1                  1.0434795 0.7566433 0.9380628 0.9437561 0.5274603 0.9453218 0.9482547 1.1080917 0.9207912 0.5343963 1.1732701 1.0446588 0.9901749 1.0735650 1.1635162 1.1230495 0.9616521 0.9425711 0.9354541 0.9148038 0.8767899 1.1415196 1.3261976 1.3169130 1.0318653 0.9349479 0.0000000 0.9455538 0.5775345 1.0693481 1.0900854 1.3305757 1.1228371 0.9898502 1.1953514 0.4405703 0.5599496 0.9116112 0.5669433 0.9248918 0.6191244 1.0913624 0.9113980 0.0786959 1.0947821 0.9448590 1.1218826 1.1476040 0.8767899 1.0476702 0.5136772 0.9715399 1.0633390 1.1926180 0.9356425 1.0444267 0.0152798 1.0898289 1.0684743 0.9348698 1.1130059 0.9347611 1.0348364 1.1040639 0.5723211 0.6587631 0.6098603 1.1788309 0.6907921 1.1659511 0.6849270 1.3163624 1.1357238 0.5677862 1.1936426 0.5374223 1.1499355 1.1157535 1.0109849 0.9415248 0.8841716 1.0427706 0.5244785 0.6383524 0.9447927 1.0471037 1.0176773 1.1430514 1.0694889 1.1608880 1.0750392 1.2824195 1.0224740 1.0767402 0.5801907 1.0074306 0.8897550 1.0650629 1.0263749 0.0824812 1.0345159 1.5336051 0.9876074 0.0824812 0.5662437 1.0497631 1.0957650 1.0674125 0.5274603 1.1221944 1.1871967 1.3251185 0.6270167 1.0426999 0.9179662 0.9202649 0.9250495 1.0933736 0.9528692 1.1534837 1.0614856 0.4812549 1.0667886 0.9140424 1.1469651 0.9453218 1.0929669 1.0882648 0.9310532 0.9957241 0.8357395 
GCF_001632845.1_ASM163284v1                  0.8770719 0.9785850 0.5399026 0.7014830 0.9429318 0.5479038 0.6791950 0.6682124 0.5622532 1.1342220 0.6816032 0.5646530 0.6863600 0.4681734 0.6581685 0.5488148 0.6414766 0.4804497 0.6553004 0.6271524 0.5507178 0.8617685 0.9640822 0.9495776 0.7126087 0.5489344 0.9455538 0.0000000 0.9723873 0.8332370 0.6110655 0.7702715 0.7864769 0.7407109 1.2028017 0.9477933 1.0694390 0.5575311 0.9671488 0.5403653 1.0497471 0.5824801 0.5909471 0.9558376 0.4509358 0.6810757 0.7989333 0.5950605 0.5507178 0.8897544 0.9863469 0.6657086 0.7209248 0.8874945 0.5869393 0.5565371 0.9474998 0.9228437 0.8831254 0.6618944 0.5391084 0.5543067 0.5294548 0.5560261 1.0108325 1.0568897 1.0718754 0.7885927 1.0966807 1.2158571 1.1084582 0.8044153 0.9827128 1.1685829 0.8987349 0.9320211 0.6028390 0.8508786 0.6451452 0.6836707 0.8028666 0.7887792 1.1426481 0.8926151 0.6878216 0.5420478 0.5097980 1.2195697 0.5453047 0.6612113 0.8267998 0.7881046 0.7232406 0.6708837 0.9867569 0.6922264 0.5703503 0.5508251 0.4367176 0.9480839 0.8065478 1.0031099 0.6174560 0.9480839 1.2043479 0.7201255 0.5821145 1.0066019 0.9429318 0.6276304 0.9284763 0.7804289 1.0124318 0.6620307 0.6656653 0.6597698 0.5401847 0.7718093 0.6908138 0.8233898 0.8481535 1.0247337 0.5805525 0.5557073 0.6572506 0.5479038 0.8518016 0.8716226 0.5491314 0.5822802 0.5031048 
GCF_001633145.1_ASM163314v1                  0.9060763 0.7358535 0.9196931 0.8772667 0.4474071 0.8526002 0.9212656 1.0156447 0.8403777 0.6306931 0.9594342 0.9548646 0.8239096 0.9181010 0.9874281 0.9351917 0.8482332 0.9133032 0.8285031 0.8812985 0.8469195 1.2590571 1.0052236 1.1373512 0.9877934 0.8518988 0.5775345 0.9723873 0.0000000 1.0198779 0.9170703 1.0894558 0.9592681 0.8826024 1.1860969 0.6267034 0.5856069 0.8450658 0.0699394 0.8092330 0.4761458 0.9504405 0.8596320 0.5793183 0.9297690 0.9660858 1.1865510 0.9572743 0.8469195 0.9731679 0.4687146 0.9458172 0.9922268 1.0599266 0.9127433 0.9119318 0.5847113 1.1394255 0.9871789 0.9013565 0.9315420 0.8117515 0.9207611 0.9238679 0.6044073 0.5305163 0.7060152 0.9949115 0.5629615 1.1817095 0.6336639 1.1008849 1.0682337 0.5197017 0.9669650 0.4994008 0.9193335 1.2054380 0.9392108 0.9208270 0.8711535 0.9714491 0.6276488 0.4805190 0.9377303 0.9574225 0.9055613 1.1585990 0.8788402 0.9503238 0.9058783 1.0541409 0.8644941 0.8676422 0.7013221 0.8992027 0.8653786 0.8979542 0.9269725 0.5908680 0.9849137 1.1653427 0.8788462 0.5908680 0.5987601 0.9136332 0.9337736 0.9638193 0.4474071 0.9218738 1.0285464 1.1562365 0.4988360 0.8904756 0.9455825 0.9335386 0.8011012 0.9409576 0.9232729 1.1190987 1.0387224 0.5353820 0.8886065 0.8359811 0.9663393 0.8526002 0.9313720 0.9395122 0.8206424 0.8533039 0.8312136 
