229
GCA_011765465.1_ASM1176546v1                 0.0000000 0.5385255 0.6593530 0.4967121 0.4060084 0.5716690 0.5159515 0.6370860 0.7584319 0.4531921 0.7126998 0.5473665 0.5613843 0.5153053 0.5447370 0.5484430 0.4874571 0.5349222 0.5941719 0.5492579 0.4963121 0.6726833 0.5015585 0.6261435 0.4179422 0.5015585 0.6115708 0.7762213 0.5714776 0.5349222 0.5415312 0.5960230 0.5716690 0.6266942 0.5015026 0.3786594 0.7609956 1.1621976 0.4167543 0.6375653 0.5079106 0.5930638 0.4571469 0.5511961 0.5335743 0.4377477 0.2203639 1.0826711 0.4486344 0.4889084 1.0826711 0.5543456 0.5175741 0.5026827 0.5650745 0.5941719 0.5337009 0.5642366 0.5642366 0.2915245 0.1464082 0.4566519 0.5577583 0.3288538 0.3631176 0.6009423 0.0158915 0.1499691 0.5484430 0.5483311 0.4492119 0.5511961 0.6676081 0.7313717 0.6153311 0.5746240 0.6754758 0.5956493 0.4963121 0.5544034 0.3743661 0.5194358 0.6092763 0.6025226 0.5777921 0.1591933 0.7584319 0.5364502 0.5364502 0.4587030 0.6099782 0.5270498 0.5423144 0.4905259 0.5075147 0.1363081 0.5956493 0.7482075 0.6241028 0.3288538 0.4900965 0.5170676 0.4435906 1.0727934 0.4538045 0.5266347 0.5675737 0.5385851 0.4601578 0.5783503 0.5766245 0.1545597 0.4947377 0.5008927 0.3786594 0.4141194 0.5689740 0.6181879 0.5395585 0.5098320 0.3795875 0.5728925 0.5728925 0.5984665 0.5868089 0.1285431 0.6595546 0.6286873 0.6595546 0.6848829 0.6009423 0.6586600 0.5132450 0.4132498 0.6117279 0.5604042 0.4415683 0.5604042 0.5578730 0.4889331 0.3259344 0.6054243 0.5359185 0.7250843 0.4616262 0.4899394 0.3125517 0.3300121 0.4680362 0.3841028 0.6721374 0.6853718 0.6856667 0.5275318 0.5283967 0.5829461 0.5253324 0.3804744 0.5032257 0.2834961 0.6248038 0.4654047 0.1059434 0.6150115 0.5985220 0.4326592 0.4544566 0.4386363 0.4184868 0.4317353 0.4919493 0.5410125 0.4989211 0.5164009 0.5427826 0.1117269 0.4011762 0.6272395 0.4467333 0.5078247 0.5256553 0.6554039 0.6241028 0.6086359 0.5720233 0.3100180 0.5116375 0.5934015 0.5195917 0.5554843 0.6166459 0.8139702 0.4282473 0.5395458 0.5613843 0.5576420 0.0990024 0.3895364 0.4145755 0.4467562 0.5734869 0.4409650 0.5120325 0.5202806 0.1414639 0.5513732 0.3895364 0.6084773 0.6250941 0.5717402 0.4599052 0.4599052 0.1954501 0.5571115 0.6721374 0.5755351 0.5447370 0.5032257 0.4963121 0.7640530 0.5153053 0.4578078 0.4694047 0.4694047 0.4544566 0.4181474 0.4963121 0.5228560 0.6970535 
GCA_015693905.1_ASM1569390v1                 0.5385255 0.0000000 0.7641473 0.6792875 0.6132729 0.7395500 0.6131624 0.1095172 0.1798335 0.6628167 0.7353623 0.6458440 0.1508746 0.6450074 0.5921252 0.7346006 0.6434168 0.6640914 0.5802454 0.6227987 0.6403666 0.7162216 0.6410343 0.6634111 0.6785592 0.6410343 0.5325784 0.1978575 0.6367685 0.6640914 0.6197160 0.6924775 0.7395500 0.6758269 0.6521304 0.6736806 0.9719224 1.2687877 0.6745729 0.8212617 0.7983517 0.1265032 0.3106086 0.7187776 0.7413857 0.5131515 0.5747868 1.4972004 0.6142402 0.6391576 1.4972004 0.7180561 0.6206163 0.6388757 0.2511950 0.5802454 0.6844592 0.2574571 0.2574571 0.5497887 0.6138660 0.5126081 0.6476563 0.5255857 0.5689132 0.5242570 0.5325433 0.6987488 0.7346006 0.3594925 0.2698944 0.7187776 0.6627302 0.1641103 0.5763704 0.2555203 0.2491561 0.1866543 0.6403666 0.4826797 0.6906128 0.6750910 0.5799180 0.8026464 0.5674821 0.5909200 0.1798335 0.6373449 0.6373449 0.5075333 0.5785660 0.6436514 0.6912521 0.6249436 0.6242185 0.5489580 0.1866543 0.8359434 0.5765934 0.5255857 0.6073036 0.3931816 0.6412086 1.3369206 0.7089355 0.6567720 0.1537833 0.9792965 0.6778448 0.5647096 0.5801056 0.6859011 0.6367208 0.6045445 0.6736806 0.5421378 0.7147666 0.5857101 0.1608729 0.6510123 0.7179976 0.1823479 0.1823479 0.1930532 0.1769711 0.5302698 0.2253393 0.2139113 0.2253393 0.5058147 0.5242570 0.7503846 0.5922880 0.6201808 0.1852654 0.6795815 0.7960178 0.6795815 0.1607052 0.7667416 0.5905431 0.6713875 0.6356510 0.1774448 0.6649565 0.5195694 0.4777587 0.5058224 0.5581519 0.5793039 0.7549287 0.1852671 0.2366922 0.6612023 0.6836076 0.5179129 0.6727963 0.6994536 0.6487718 0.4812300 0.5739049 0.2667311 0.5403515 0.7066135 0.6641151 0.5940564 0.6835914 0.5322496 0.6029222 0.5311333 0.6710483 0.5714727 0.6797387 0.5886878 0.4578990 0.5478367 0.6485283 0.8735453 0.6759552 0.6641453 0.6232723 0.7315959 0.5765934 1.0390060 0.7523148 0.5353759 0.5978237 0.1995807 0.6842320 0.6348265 0.6872031 0.9184228 0.6839372 0.7390683 0.1508746 0.7387879 0.5236092 0.6554236 0.7184302 0.6810425 0.1637280 0.2671620 0.6389527 0.6775429 0.6180045 0.7181403 0.6554236 1.0731298 0.5270578 0.6797224 0.5852357 0.5852357 0.6358699 0.1974973 0.7549287 0.3493773 0.5921252 0.6487718 0.6403666 0.7874051 0.6450074 0.6846527 0.7017301 0.7017301 0.6835914 0.6759716 0.6491838 0.6617844 0.7435518 
GCA_016745215.1_scaff03                      0.6593530 0.7641473 0.0000000 0.4604416 0.4671559 0.3869359 0.3969481 0.8113027 0.7840420 0.4384394 0.3796677 0.3523662 0.6815524 0.3994646 0.4225936 0.4190568 0.3848777 0.3864422 0.8392738 0.3507787 0.3738709 1.1540843 0.3835955 0.2629434 0.4122637 0.3835955 0.4191792 0.8087686 0.4232196 0.3864422 0.4179717 0.2769967 0.3869359 0.2579941 0.4056315 0.4355756 0.4609490 0.6633505 0.4126459 0.4645033 0.4738734 0.7470257 0.7545683 0.4194293 0.4768661 0.5470385 0.4587066 0.7250988 0.3393011 0.3186513 0.7250988 0.3400863 0.3857473 0.4466072 0.6800149 0.8392738 0.4098658 0.6790386 0.6790386 0.5099267 0.6855523 0.3089301 0.4090717 0.4840010 0.4734303 0.3629152 0.6727030 0.7870891 0.4190568 0.7341042 0.6781090 0.4194293 0.4745448 0.8108739 0.4121742 0.7033246 0.7403614 0.7265611 0.3738709 0.8511816 0.4438910 0.4035870 0.8405701 0.2628547 0.4017007 0.6475038 0.7840420 0.3764160 0.3764160 0.4509000 0.8531356 0.4380552 0.3957741 0.4525672 0.4446113 0.6794983 0.7265611 0.4233958 0.7976821 0.4840010 0.4266895 0.7782632 0.3391766 0.7547980 0.3975624 0.3105762 0.6891563 0.6091475 0.4512502 0.8171274 0.4037766 0.7658287 0.3921612 0.3514128 0.4355756 0.4561339 0.4161636 0.3824140 0.7246364 0.3475764 0.4533743 0.6790024 0.6790024 0.7245606 0.6877541 0.6335710 0.8280252 0.7967259 0.8280252 1.0364471 0.3629152 0.3206374 0.4274724 0.4860426 0.7634531 0.3931233 0.4839443 0.3931233 0.7272869 0.4824101 0.5082474 0.2247655 0.3176225 0.8455191 0.4019831 0.5593549 0.5077447 0.4361741 0.4290137 0.4187262 1.1799993 0.7012707 0.7678477 0.3318734 0.3394588 0.3463696 0.3380788 0.4351459 0.4407086 0.4337456 0.4629878 0.7024726 0.6503018 0.2376423 0.2718463 0.4722646 0.4799416 0.5737168 0.4617245 0.5682534 0.4655785 0.3708943 0.4717769 0.4288243 0.7313531 0.7331429 0.4317546 0.4889998 0.4233917 0.3973449 0.4650446 0.2476424 0.7976821 0.5878870 0.4308703 0.4286283 0.4219126 0.7898281 0.3949564 0.4072076 0.3984010 0.5785669 0.4758354 0.4415879 0.6815524 0.3625602 0.7218006 0.4554068 0.4917625 0.3915980 0.8546643 0.6839033 0.3589977 0.4556182 0.6814680 0.4652759 0.4554068 0.5287510 0.4358459 0.3828632 0.5236073 0.5236073 0.7185782 0.8615366 1.1799993 0.8136986 0.4225936 0.4407086 0.3684946 0.4256756 0.3994646 0.4834031 0.4729716 0.4729716 0.4799416 0.4238820 0.3794602 0.3829435 0.3345019 
GCA_019285715.1_ASM1928571v1                 0.4967121 0.6792875 0.4604416 0.0000000 0.3501407 0.4215525 0.4153822 0.6821803 0.6726672 0.3889394 0.5736648 0.3789347 0.6297440 0.3217816 0.3872109 0.3361751 0.2978324 0.4410539 0.7034113 0.3045196 0.2956389 0.8668363 0.3039675 0.4052321 0.3507373 0.3039675 0.4239803 0.7054132 0.3940538 0.4410539 0.4493610 0.4464604 0.4215525 0.4614086 0.4011246 0.4397001 0.7237263 0.7487406 0.3543257 0.3712307 0.2953892 0.6667144 0.5694904 0.3475772 0.2806288 0.4923902 0.3331251 0.8773223 0.4413614 0.3797889 0.8773223 0.3849966 0.3320870 0.3256048 0.5631527 0.7034113 0.4853554 0.5517379 0.5517379 0.3565851 0.4984653 0.3836008 0.4802690 0.3175004 0.4100571 0.3230848 0.5003147 0.5201772 0.3361751 0.6782253 0.5378346 0.3475772 0.4954813 0.6317875 0.4126633 0.5602673 0.6325602 0.5940039 0.2956389 0.8076032 0.4315915 0.3026409 0.6861382 0.4311361 0.3454291 0.4499783 0.6726672 0.4444656 0.4444656 0.4344829 0.7152070 0.3257526 0.3185650 0.3399992 0.3333368 0.4161882 0.5940039 0.5798248 0.6523706 0.3175004 0.3393139 0.6704650 0.3365076 0.9133204 0.4001970 0.3513579 0.5709551 0.7206981 0.1854328 0.6849138 0.3885228 0.5203752 0.3038892 0.4134219 0.4397001 0.2740997 0.3399763 0.3500496 0.6273456 0.3514877 0.4365739 0.5328817 0.5328817 0.5282183 0.5723072 0.4123541 0.5735395 0.5652894 0.5735395 0.8810922 0.3230848 0.4814900 0.3555814 0.2919400 0.6696199 0.4686373 0.2963559 0.4686373 0.5433804 0.2912904 0.3680643 0.4057833 0.4330669 0.7224033 0.3925291 0.5452777 0.2670259 0.2220648 0.2396008 0.4307095 0.8838299 0.6258246 0.6688838 0.3429580 0.3501150 0.3075803 0.3465082 0.4514423 0.3245473 0.3419291 0.3817141 0.5150989 0.4696310 0.3999578 0.4351040 0.4619995 0.4511257 0.4812986 0.4905623 0.4935600 0.1314972 0.3667112 0.1343809 0.2925782 0.6518477 0.4563218 0.3737813 0.3538595 0.3840946 0.3117887 0.3458617 0.3957290 0.6523706 0.6101830 0.3562699 0.3325683 0.3490234 0.6182211 0.3037375 0.4424566 0.2924483 0.5036875 0.2530731 0.3555173 0.6297440 0.3831768 0.4405033 0.1959938 0.2143565 0.2243316 0.6144611 0.5463401 0.3671545 0.3514055 0.5017194 0.2946533 0.1959938 0.5987542 0.4269785 0.4328698 0.5623634 0.5623634 0.4454364 0.5864071 0.8838299 0.6667862 0.3872109 0.3245473 0.2992499 0.4482971 0.3217816 0.4543347 0.4588120 0.4588120 0.4511257 0.3502965 0.3004215 0.3701023 0.4112070 
GCA_019739335.1_ASM1973933v1                 0.4060084 0.6132729 0.4671559 0.3501407 0.0000000 0.4822511 0.4480007 0.7021286 0.7689873 0.3896210 0.4511830 0.3495282 0.5971596 0.3797798 0.3763128 0.3646625 0.3632960 0.4575762 0.7778914 0.3468482 0.3635460 0.9760014 0.3646654 0.4490590 0.3861931 0.3646654 0.4369134 0.7868585 0.4811834 0.4575762 0.4561142 0.4962431 0.4822511 0.5266022 0.3891322 0.4324881 0.6315937 0.8703245 0.3803780 0.3916811 0.2764598 0.6512975 0.5874120 0.3575349 0.3232530 0.4269764 0.2353336 1.0191544 0.4244699 0.3779549 1.0191544 0.3288060 0.3754394 0.3738878 0.6055563 0.7778914 0.4806167 0.5933853 0.5933853 0.2603888 0.3690092 0.3512856 0.3860976 0.2540798 0.4044271 0.3544321 0.4154398 0.4828653 0.3646625 0.6611400 0.5358990 0.3575349 0.4403977 0.7444336 0.4399682 0.6169759 0.6866222 0.6125707 0.3635460 0.7486252 0.4408991 0.3683618 0.7966354 0.4942143 0.3573015 0.3899455 0.7689873 0.4552787 0.4552787 0.3522517 0.7535768 0.3651475 0.3889644 0.3591706 0.3602521 0.4536938 0.6125707 0.4582516 0.7811369 0.2540798 0.3649139 0.7133092 0.3879071 1.0125787 0.3914895 0.3137821 0.6110318 0.7358977 0.2729029 0.7574007 0.3632206 0.4673631 0.3644965 0.4418038 0.4324881 0.1904078 0.3657148 0.3712544 0.5909374 0.3066485 0.4504628 0.5616940 0.5616940 0.5779284 0.5552296 0.4236729 0.6215924 0.6121838 0.6215924 0.9455771 0.3544321 0.5034961 0.3654888 0.1938213 0.6264975 0.3746125 0.2744519 0.3746125 0.5761502 0.3206549 0.2101931 0.4645118 0.3296007 0.8044939 0.3960091 0.4364327 0.2754991 0.2616014 0.2793195 0.3918773 0.9570443 0.6493379 0.6748577 0.3070334 0.3202566 0.3382890 0.3205901 0.4420263 0.3631015 0.2483468 0.4604381 0.5866454 0.3290006 0.4384559 0.4530052 0.3889433 0.4134397 0.4413857 0.3857526 0.4511415 0.3372667 0.3609615 0.3372667 0.3126901 0.6816223 0.4321621 0.4712664 0.3429315 0.3868249 0.3605315 0.3423459 0.4446054 0.7811369 0.6048455 0.3841149 0.2488239 0.3637710 0.7215565 0.3478475 0.4491047 0.3650772 0.5186672 0.2483227 0.3939921 0.5971596 0.3964106 0.4338855 0.2442236 0.2622398 0.2895540 0.5775052 0.5419601 0.3198952 0.3756940 0.3684517 0.3424393 0.2442236 0.6038139 0.4420047 0.4529501 0.4827235 0.4827235 0.3995002 0.6515699 0.9570443 0.6665995 0.3763128 0.3631015 0.3677390 0.4666283 0.3797798 0.4063289 0.4153562 0.4153562 0.4134397 0.3906616 0.3627026 0.4354837 0.4498298 
GCF_000013085.1_ASM1308v1                    0.5716690 0.7395500 0.3869359 0.4215525 0.4822511 0.0000000 0.3309996 0.7756291 0.8764898 0.3467648 0.4138722 0.3728966 0.6796411 0.4056480 0.4475077 0.4073841 0.3871927 0.3317768 0.7384510 0.3320763 0.3839201 0.9758890 0.3945299 0.3368674 0.3152487 0.3945299 0.5023124 0.9170897 0.4088737 0.3317768 0.3800604 0.3424783 0.0000010 0.3599365 0.3943069 0.3260022 0.4014229 0.7431713 0.3332544 0.4447149 0.4836899 0.7597642 0.6633219 0.4038564 0.5163499 0.5038493 0.4274419 0.7807543 0.5108736 0.4267346 0.7807543 0.3523204 0.3978488 0.4235050 0.6575637 0.7384510 0.3473684 0.6574016 0.6574016 0.5648671 0.5337538 0.3741417 0.3986983 0.4940123 0.4260287 0.3366716 0.5814182 0.6070133 0.4073841 0.6699398 0.5796548 0.4038564 0.4800233 0.8082118 0.4861290 0.6786764 0.7830253 0.7288831 0.3839201 0.8579456 0.3133023 0.3979478 0.7163164 0.3413482 0.3605142 0.5254809 0.8764898 0.3492498 0.3492498 0.4564541 0.8344728 0.4135666 0.4116035 0.4166270 0.4225615 0.6371803 0.7288831 0.4902652 0.6993285 0.4940123 0.3700492 0.7189464 0.3119201 0.7537647 0.3221913 0.3813773 0.7124273 0.6050282 0.3970894 0.7188352 0.3363714 0.6029026 0.3931479 0.2806509 0.3260022 0.3994056 0.4046776 0.3462506 0.6809407 0.3609466 0.3132762 0.6361988 0.6361988 0.6706074 0.6089315 0.5522522 0.7102821 0.6796775 0.7102821 1.0115687 0.3366716 0.3718715 0.3706694 0.4425717 0.7156519 0.3811380 0.4319332 0.3811380 0.6856426 0.5007380 0.5238454 0.3414006 0.4309992 0.9118803 0.2819764 0.5422074 0.4531709 0.4173026 0.4400102 0.3321513 0.9622469 0.6999863 0.6928775 0.3716830 0.3753785 0.3144964 0.3807710 0.3183210 0.4020191 0.4232671 0.5093677 0.6294847 0.5566705 0.3276378 0.3341710 0.4672368 0.4383356 0.5301270 0.4625402 0.5336166 0.4451045 0.3703987 0.4515264 0.4361591 0.5905452 0.6369839 0.2578780 0.5779173 0.3419249 0.3941877 0.4159395 0.3458645 0.6993285 0.5026738 0.4367630 0.3699108 0.3696132 0.7373681 0.3871826 0.3907364 0.4271217 0.6721204 0.4554147 0.4695516 0.6796411 0.4327160 0.5541843 0.4422674 0.4228871 0.3810162 0.7860819 0.6108715 0.3640919 0.3966618 0.5108188 0.5102726 0.4422674 0.4573210 0.5131686 0.2927955 0.4938286 0.4938286 0.5499656 0.7196609 0.9622469 0.6945691 0.4475077 0.4020191 0.3839201 0.4740030 0.4056480 0.4416180 0.4403345 0.4403345 0.4383356 0.3191340 0.3839201 0.3469853 0.3983588 
GCF_000013365.1_ASM1336v1                    0.5159515 0.6131624 0.3969481 0.4153822 0.4480007 0.3309996 0.0000000 0.6742487 0.7136474 0.2498306 0.4198152 0.3247280 0.6171835 0.4109636 0.4095260 0.3950961 0.3927949 0.0377941 0.7154513 0.3478270 0.3936061 0.9432166 0.4044258 0.3698687 0.2209262 0.4044258 0.4605229 0.7958647 0.3841678 0.0377941 0.3941199 0.3493775 0.3309996 0.3484428 0.3832695 0.2138277 0.5685112 0.8324344 0.2113973 0.4639876 0.4557608 0.6446815 0.5862544 0.4061042 0.4632994 0.4458265 0.3433721 0.8005236 0.4795251 0.4175199 0.8005236 0.3524738 0.4271389 0.4197049 0.5352089 0.7154513 0.4365652 0.5454273 0.5454273 0.5085840 0.4733542 0.3177853 0.4440358 0.4357945 0.4067734 0.3939930 0.5293140 0.5351676 0.3950961 0.6767477 0.4923575 0.4061042 0.4742547 0.6683634 0.4589639 0.5647862 0.6877069 0.5618715 0.3936061 0.7025622 0.2047904 0.4010265 0.7313583 0.3299195 0.3607655 0.4476227 0.7136474 0.0483366 0.0483366 0.4185538 0.8436370 0.4167899 0.4275102 0.3796566 0.4220313 0.5466777 0.5618715 0.4856161 0.7201084 0.4357945 0.3770278 0.6947093 0.3280439 0.7881399 0.2295182 0.3424402 0.5538243 0.6261954 0.4535806 0.6965840 0.4118386 0.4993805 0.3987863 0.0397509 0.2138277 0.4158940 0.3977689 0.3707728 0.5577310 0.3069493 0.2089717 0.5363696 0.5363696 0.5352958 0.5347093 0.4978024 0.5780714 0.5859121 0.5780714 0.8480497 0.3939930 0.3904733 0.3776691 0.4903390 0.5593132 0.4420714 0.4568097 0.4420714 0.6174907 0.4705758 0.5040873 0.3449953 0.3538777 0.7666240 0.3154490 0.4860800 0.4525228 0.4127398 0.4253670 0.2780939 1.0366528 0.6148038 0.5921777 0.3042208 0.3105759 0.3794663 0.3071814 0.2207410 0.3904963 0.3641539 0.4774265 0.5445086 0.5371312 0.3646666 0.3562700 0.4440943 0.4822411 0.4593764 0.4410598 0.4680874 0.4496663 0.3893120 0.4560712 0.4220787 0.7226065 0.5936988 0.2983986 0.5435030 0.2370332 0.4063224 0.3900813 0.3511897 0.7201084 0.6302905 0.4237013 0.3716539 0.3765923 0.5711425 0.4011335 0.4048015 0.3718452 0.6118935 0.4465967 0.4484176 0.6171835 0.4191370 0.5636767 0.4427381 0.4637038 0.4276268 0.6170743 0.5509454 0.3489358 0.4520486 0.4743287 0.4585108 0.4427381 0.5605739 0.4705189 0.2947546 0.5064329 0.5064329 0.4767810 0.5961870 1.0366528 0.7965992 0.4095260 0.3904963 0.3936061 0.5032659 0.4109636 0.4796697 0.4964967 0.4964967 0.4822411 0.2285765 0.3936061 0.3924086 0.3354874 
GCF_000013565.1_ASM1356v1                    0.6370860 0.1095172 0.8113027 0.6821803 0.7021286 0.7756291 0.6742487 0.0000000 0.2106661 0.6263903 0.8279534 0.7037544 0.1785714 0.6713139 0.6595073 0.7596921 0.6632784 0.7026816 0.6255397 0.6433916 0.6608083 0.6700999 0.6608083 0.7236645 0.6404183 0.6608083 0.5892281 0.2244719 0.7190037 0.7026816 0.6668587 0.6739917 0.7756291 0.7168612 0.6349078 0.6986499 0.9466040 1.2655391 0.6366540 0.8195326 0.7907199 0.1036983 0.3513779 0.7518423 0.8502170 0.5569638 0.6027412 1.4820883 0.5785771 0.6197038 1.4820883 0.7759424 0.6335550 0.6816999 0.2688142 0.6255397 0.6583079 0.2753685 0.2753685 0.6601472 0.7217304 0.5428799 0.6239125 0.5651347 0.6169965 0.6069460 0.6145493 0.7640506 0.7596921 0.3714908 0.3488665 0.7518423 0.7070346 0.2005800 0.6402912 0.2554409 0.2617310 0.1740896 0.6608083 0.5092376 0.7099605 0.6938877 0.6256340 0.8167182 0.6174632 0.6860533 0.2106661 0.6936463 0.6936463 0.4918619 0.5761561 0.6732030 0.7041716 0.6854120 0.6770214 0.5785955 0.1740896 0.8535334 0.6020484 0.5651347 0.6398706 0.4033988 0.6848069 1.3119811 0.7092976 0.6608338 0.1725893 0.9327687 0.6940183 0.6089098 0.6574441 0.7193263 0.6669006 0.6563090 0.6986499 0.5966182 0.7393204 0.6277926 0.1912749 0.6871214 0.7514242 0.2422850 0.2422850 0.2275956 0.1830314 0.5518983 0.2418628 0.2298373 0.2418628 0.5455062 0.6069460 0.7743130 0.6239975 0.6514308 0.2022640 0.6538244 0.7610583 0.6538244 0.1752252 0.7813584 0.6796808 0.7708588 0.6731290 0.2307871 0.6497480 0.5442366 0.4876742 0.5608639 0.5526280 0.5835747 0.7024460 0.1859160 0.2663754 0.6887370 0.7221489 0.5897242 0.7106820 0.7190687 0.6951090 0.5739275 0.5999700 0.3091714 0.5694878 0.7434565 0.7175497 0.5525740 0.5926719 0.5708895 0.5737019 0.5766600 0.6671888 0.6384842 0.6758257 0.6296878 0.4363489 0.5987126 0.6283457 0.9427847 0.6357384 0.6847135 0.6740402 0.7727841 0.6020484 1.0621535 0.7621325 0.5920379 0.6319925 0.2088373 0.6969944 0.6831632 0.6838885 0.9385512 0.7106668 0.7470817 0.1785714 0.7867486 0.5126796 0.6004823 0.7079572 0.7248833 0.1883185 0.2927194 0.7561283 0.7126590 0.6914601 0.7643819 0.6004823 1.1351004 0.5887734 0.6762345 0.5994949 0.5994949 0.6247222 0.1867024 0.7024460 0.3859844 0.6595073 0.6951090 0.6608083 0.8383181 0.6713139 0.5935878 0.5979839 0.5979839 0.5926719 0.6379098 0.6698820 0.6922407 0.8615281 
GCF_000014045.1_ASM1404v1                    0.7584319 0.1798335 0.7840420 0.6726672 0.7689873 0.8764898 0.7136474 0.2106661 0.0000000 0.7591187 0.8846328 0.8137499 0.2437117 0.6475694 0.6903230 0.7021306 0.6459809 0.7966516 0.7710969 0.6537301 0.6282213 0.9039881 0.6436024 0.7117201 0.7860312 0.6436024 0.6116790 0.0236304 0.7615844 0.7966516 0.7107956 0.7652434 0.8764898 0.7360023 0.7633188 0.8370537 1.0823293 1.2886832 0.7764050 0.7765478 0.8732568 0.2135936 0.4258623 0.6984043 0.8174243 0.6739038 0.7192422 1.3330682 0.7005145 0.6824194 1.3330682 0.8558220 0.6199663 0.7250007 0.3477814 0.7710969 0.7400006 0.3551663 0.3551663 0.6325983 0.8184528 0.5745559 0.7301108 0.6945172 0.7406080 0.5862799 0.7417017 0.8786305 0.7021306 0.4910666 0.4163757 0.6984043 0.6971536 0.1115213 0.6256626 0.3480552 0.2970817 0.1683335 0.6282213 0.6019226 0.8329372 0.6722010 0.7399419 0.8009540 0.6486002 0.7559011 0.0000010 0.7651165 0.7651165 0.6651662 0.7850886 0.6895292 0.6838329 0.7229052 0.7303282 0.6263940 0.1683335 1.0473825 0.7240400 0.6945172 0.8487055 0.4719860 0.7879536 1.2577298 0.7854232 0.7326290 0.1356167 1.1474414 0.6892263 0.7510970 0.7026543 0.8297028 0.6494315 0.7164451 0.8370537 0.6788070 0.6796226 0.6235373 0.1918904 0.7338283 0.8687617 0.1799461 0.1799461 0.1756059 0.2076074 0.6644235 0.1693205 0.1651089 0.1693205 0.5778657 0.5862799 0.8132094 0.8282707 0.8086552 0.1668394 0.7765910 0.7757541 0.7765910 0.1476472 0.8346003 0.7882167 0.7513727 0.7961923 0.0383135 0.7390748 0.6983701 0.6118147 0.5994175 0.6545768 0.7147188 0.9262346 0.2098250 0.2600895 0.7078530 0.6967521 0.5957061 0.6907144 0.8561422 0.7418038 0.6779727 0.6782865 0.3787528 0.7088310 0.7501605 0.7288793 0.7022247 0.7540095 0.6888303 0.7189442 0.6756762 0.7023402 0.6855905 0.7113955 0.7432797 0.5770809 0.7183615 0.7306368 1.0251585 0.7744863 0.6732530 0.7337919 0.7469935 0.7240400 1.3619805 0.7130249 0.7039691 0.8358011 0.1900601 0.6922275 0.7280834 0.7404188 0.8803476 0.8521811 0.6981817 0.2437117 0.8665075 0.6823219 0.7830175 0.7875062 0.6909965 0.2185080 0.4105918 0.8377550 0.7304346 0.8406039 0.7732427 0.7830175 1.3240268 0.6159758 0.7454662 0.7428149 0.7428149 0.7600020 0.1878286 0.9262346 0.5339583 0.6903230 0.7418038 0.6282213 0.8083900 0.6475694 0.7551638 0.7806898 0.7806898 0.7540095 0.7855895 0.6368139 0.8009409 0.8538950 
GCF_000015165.1_ASM1516v1                    0.4531921 0.6628167 0.4384394 0.3889394 0.3896210 0.3467648 0.2498306 0.6263903 0.7591187 0.0000000 0.5000518 0.2689969 0.6828421 0.3558014 0.3556286 0.3505717 0.3354351 0.2199549 0.6725550 0.3029690 0.3360888 0.9324817 0.3457381 0.4030624 0.0212911 0.3457381 0.4281744 0.7346113 0.4167653 0.2199549 0.4126092 0.3823573 0.3467648 0.3764317 0.3782186 0.1081717 0.6152004 0.7540431 0.0310040 0.4242422 0.4437909 0.6950293 0.5974904 0.3476188 0.5401688 0.4288563 0.3316934 0.9213676 0.4450100 0.3572676 0.9213676 0.3068548 0.3227124 0.3593150 0.6287985 0.6725550 0.4811326 0.6286394 0.6286394 0.5377929 0.5360318 0.2765955 0.4097871 0.4877704 0.4594394 0.4383524 0.4992227 0.5204569 0.3505717 0.6815084 0.5393683 0.3476188 0.4565533 0.7695230 0.4193898 0.6668774 0.6601911 0.6585427 0.3360888 0.7384786 0.1135521 0.3436099 0.6655146 0.3107492 0.4075055 0.5056531 0.7591187 0.2188986 0.2188986 0.3686940 0.8386299 0.3597993 0.3611582 0.3325681 0.3472715 0.5159750 0.6585427 0.3701123 0.6556323 0.4877704 0.3354280 0.6823109 0.3220588 0.9091407 0.0600844 0.2994079 0.6551505 0.4503279 0.4161952 0.6548207 0.4434928 0.5081147 0.3407360 0.2329778 0.1081717 0.4230665 0.3661705 0.4490284 0.5940722 0.2253993 0.1176370 0.5587845 0.5587845 0.6004056 0.5683072 0.4965488 0.6852450 0.6536604 0.6852450 1.0030459 0.4383524 0.4146549 0.3359261 0.4203392 0.6904058 0.4083969 0.3975803 0.4083969 0.5917083 0.4761430 0.4465482 0.3774580 0.3217013 0.7786635 0.1988986 0.4250641 0.4207738 0.4092821 0.4263294 0.2568111 0.9733866 0.6288343 0.7856622 0.2333478 0.2229736 0.4109220 0.2250070 0.1249691 0.3251873 0.3892216 0.4372108 0.5791287 0.4789284 0.3560051 0.4162962 0.3681032 0.4449247 0.4646969 0.4041968 0.4621279 0.4145695 0.3620481 0.4205428 0.3927943 0.6419598 0.5659326 0.1984119 0.4784625 0.0195591 0.3513733 0.3699704 0.3587997 0.6556323 0.6379855 0.3632055 0.3558227 0.3247215 0.6452130 0.3410815 0.4238073 0.3599618 0.6137198 0.3652534 0.4039132 0.6828421 0.3730861 0.4957906 0.4277958 0.4456827 0.4758225 0.6348805 0.5297875 0.2941774 0.3873676 0.5269405 0.5500367 0.4277958 0.5113875 0.4374299 0.2420377 0.4176661 0.4176661 0.4714156 0.6927931 0.9733866 0.7259944 0.3556286 0.3251873 0.3360888 0.3459676 0.3558014 0.4371956 0.4426316 0.4426316 0.4449247 0.0212479 0.3360888 0.3829706 0.4049423 
GCF_000015585.1_ASM1558v1                    0.7126998 0.7353623 0.3796677 0.5736648 0.4511830 0.4138722 0.4198152 0.8279534 0.8846328 0.5000518 0.0000000 0.4191309 0.6586175 0.4403936 0.4828043 0.4379513 0.4297404 0.4353076 0.7846330 0.4092292 0.4299642 1.1264261 0.4282690 0.3496488 0.4892000 0.4282690 0.5840155 0.9373514 0.4455824 0.4353076 0.4835217 0.4164591 0.4138722 0.3980933 0.3637627 0.4835232 0.5184578 0.7658007 0.5021897 0.4848898 0.5420974 0.7473695 0.7062145 0.4229180 0.5354831 0.5046484 0.5461709 0.8211264 0.4477649 0.4184449 0.8211264 0.3656344 0.4186685 0.5139763 0.6854993 0.7846330 0.4751166 0.6764975 0.6764975 0.5726271 0.6539509 0.3840947 0.4288893 0.5739208 0.5435482 0.4432488 0.7349385 0.7616622 0.4379513 0.7560853 0.6336589 0.4229180 0.4647886 0.8897942 0.5630028 0.6614341 0.7196342 0.7712097 0.4299642 0.8903062 0.4925424 0.4443409 0.7960432 0.4051062 0.4620233 0.6056161 0.8846328 0.4201762 0.4201762 0.4541591 0.9548197 0.4367277 0.4714880 0.5108595 0.5057869 0.7645395 0.7712097 0.4823330 0.7835942 0.5739208 0.3898908 0.7984525 0.4545760 0.7790683 0.4494611 0.4131590 0.7515423 0.7954613 0.5144350 0.7638402 0.4765881 0.6951097 0.4421182 0.4043684 0.4835232 0.4792480 0.4687984 0.4474774 0.7529761 0.3899595 0.5120918 0.6737982 0.6737982 0.7056113 0.6955796 0.6556739 0.8273612 0.8074588 0.8273612 1.1270328 0.4432488 0.3555980 0.3905446 0.5253572 0.7408102 0.4451590 0.5992170 0.4451590 0.7278737 0.5986810 0.5330629 0.3361484 0.4361089 0.9421976 0.4459748 0.4740762 0.5194011 0.5059533 0.5175843 0.4819813 1.0607333 0.6796181 0.8103081 0.4042286 0.4030827 0.4370318 0.3964573 0.4993095 0.5001078 0.4277836 0.6304192 0.6836494 0.6624913 0.3537599 0.3330633 0.5411406 0.5706543 0.5266371 0.5234907 0.5248817 0.5201037 0.3839540 0.5270346 0.4598609 0.8033838 0.7875285 0.4303802 0.5973825 0.4762615 0.4436606 0.4870639 0.3633068 0.7835942 0.7060331 0.4446749 0.4443539 0.3894741 0.8291600 0.4623314 0.4953703 0.4230167 0.6654895 0.5909358 0.4703883 0.6586175 0.3963705 0.7214794 0.5433056 0.4991276 0.4906163 0.6944688 0.6776907 0.3739331 0.4935745 0.5938257 0.5103565 0.5433056 0.7185831 0.6031513 0.4377444 0.5067354 0.5067354 0.6959323 0.7858889 1.0607333 0.7710970 0.4828043 0.5001078 0.4345923 0.5268474 0.4403936 0.5621461 0.5930154 0.5930154 0.5706543 0.4869201 0.4362066 0.5380914 0.4956118 
GCF_000016185.1_ASM1618v1                    0.5473665 0.6458440 0.3523662 0.3789347 0.3495282 0.3728966 0.3247280 0.7037544 0.8137499 0.2689969 0.4191309 0.0000000 0.6027587 0.2704973 0.3238185 0.2679658 0.2504795 0.2996024 0.7253968 0.2618002 0.2508889 0.8557394 0.2584183 0.3347958 0.2667089 0.2584183 0.3754801 0.8295412 0.3698983 0.2996024 0.3408403 0.3766223 0.3728966 0.3683391 0.2603093 0.2614670 0.5617635 0.7749986 0.2754004 0.3176318 0.4520474 0.7305616 0.5820906 0.2691058 0.5404811 0.3873863 0.4618162 0.7600979 0.3859379 0.3506231 0.7600979 0.3188326 0.2362294 0.3258656 0.6243077 0.7253968 0.3622286 0.6160410 0.6160410 0.5002852 0.5253674 0.2263740 0.3079542 0.4438517 0.4149763 0.3264065 0.5761899 0.6056581 0.2679658 0.6348320 0.5347430 0.2691058 0.3780904 0.8192515 0.4029889 0.6154266 0.7503234 0.6549856 0.2508889 0.6639648 0.2752687 0.2508587 0.7244552 0.3358241 0.3163108 0.5290909 0.8137499 0.3043174 0.3043174 0.3314115 0.7625363 0.3067568 0.2763600 0.3233269 0.3361383 0.5366845 0.6549856 0.2771061 0.7130702 0.4438517 0.2529734 0.6642062 0.3040873 0.7709000 0.2306876 0.2483429 0.6658826 0.6212073 0.3883619 0.7063704 0.3365669 0.5247720 0.2512605 0.2823954 0.2614670 0.3877550 0.2840925 0.3472911 0.6317836 0.1902110 0.2919649 0.6097149 0.6097149 0.6423445 0.5737598 0.5302986 0.6857786 0.6768419 0.6857786 0.9424478 0.3264065 0.3755896 0.2660368 0.4161423 0.6601481 0.3044906 0.4497544 0.3044906 0.6667904 0.4324444 0.4088205 0.3561550 0.2347998 0.8137279 0.3050454 0.4072843 0.3829268 0.4721178 0.3302207 0.3221199 0.8924909 0.6330248 0.7056022 0.1932924 0.2077650 0.3211257 0.2037511 0.2798503 0.3123851 0.3936676 0.4312430 0.5498971 0.5631278 0.3522818 0.3571210 0.3678528 0.4004729 0.3930308 0.3586176 0.3877631 0.3800437 0.2729633 0.3854074 0.3601763 0.6441708 0.5456003 0.3354458 0.4142187 0.2582201 0.2545180 0.3207545 0.3748905 0.7130702 0.5275934 0.2788768 0.3783817 0.2649982 0.6876786 0.2673121 0.3356457 0.2986332 0.4924475 0.4084234 0.3011414 0.6027587 0.3072424 0.6002763 0.4007804 0.4092853 0.4220824 0.6984454 0.5741112 0.2710499 0.3227157 0.5397836 0.5223259 0.4007804 0.5153790 0.3909378 0.2984491 0.4008057 0.4008057 0.5086841 0.7292807 0.8924909 0.6393931 0.3238185 0.3123851 0.2468397 0.3698418 0.2704973 0.4031672 0.3835411 0.3835411 0.4004729 0.2701494 0.2551939 0.2694732 0.2827961 
GCF_000018145.1_ASM1814v1                    0.5613843 0.1508746 0.6815524 0.6297440 0.5971596 0.6796411 0.6171835 0.1785714 0.2437117 0.6828421 0.6586175 0.6027587 0.0000000 0.5833135 0.5986335 0.6434749 0.5819294 0.6543848 0.6708852 0.5688279 0.5817375 0.6938642 0.5798344 0.6214906 0.6982734 0.5798344 0.5079871 0.2647783 0.6550509 0.6543848 0.5642803 0.6212068 0.6796411 0.6362702 0.5013335 0.7011717 0.9147223 1.1672724 0.6859696 0.7153245 0.7244639 0.1794980 0.3422514 0.6232406 0.8097505 0.5100145 0.5873371 1.1770318 0.5177018 0.4738279 1.1770318 0.6108615 0.5681805 0.5805140 0.2455017 0.6708852 0.6112240 0.2517261 0.2517261 0.5678842 0.6570213 0.4516077 0.5610082 0.5231633 0.5183886 0.5190556 0.5562357 0.7582992 0.6434749 0.3556757 0.2792997 0.6232406 0.5740502 0.2003165 0.5325360 0.2370130 0.2587741 0.1948258 0.5817375 0.4578668 0.7125477 0.6181330 0.6534339 0.7455267 0.5349977 0.6272552 0.2437117 0.6460082 0.6460082 0.4565931 0.5838541 0.5957209 0.6225889 0.5716799 0.5728592 0.5692449 0.1948258 0.7260202 0.6316833 0.5231633 0.5554012 0.3431724 0.6089684 1.0996002 0.6728348 0.5553955 0.1849580 0.8832153 0.6051897 0.6532964 0.5638071 0.7091893 0.5898885 0.6217582 0.7011717 0.5408142 0.6223448 0.5446163 0.2003963 0.5430704 0.7475408 0.2036330 0.2036330 0.2023565 0.1663228 0.5271587 0.2394938 0.2275575 0.2394938 0.4203148 0.5190556 0.6582678 0.5415523 0.5887726 0.1864683 0.5875770 0.7479652 0.5875770 0.1331548 0.7862182 0.6331970 0.6758966 0.5806199 0.2395688 0.6516891 0.5109974 0.4888520 0.5233697 0.4805914 0.5019754 0.6940695 0.1817535 0.1924802 0.5588232 0.5718693 0.5250806 0.5628186 0.7217172 0.5919409 0.4749899 0.5288937 0.2680024 0.5560491 0.6372882 0.6052325 0.5409447 0.6063842 0.4937658 0.5704253 0.5086999 0.6444359 0.5321689 0.6527581 0.5717407 0.4413465 0.5209215 0.6199504 0.8607765 0.6851531 0.6003565 0.5613566 0.6666744 0.6316833 0.8964005 0.6456606 0.5395220 0.5488510 0.2194465 0.6412780 0.5780755 0.6018258 0.7756765 0.7214607 0.6243077 0.0000010 0.6104288 0.5140404 0.6482731 0.6473476 0.6233580 0.1606336 0.3073801 0.6034213 0.6326253 0.6376158 0.7778543 0.6482731 0.9567599 0.5057994 0.6243892 0.5052104 0.5052104 0.6850709 0.1949693 0.6940695 0.3933935 0.5986335 0.5919409 0.5817375 0.7482249 0.5833135 0.6073096 0.6168475 0.6168475 0.6063842 0.6956546 0.5897242 0.6093631 0.7213952 
GCF_000018845.1_ASM1884v1                    0.5153053 0.6450074 0.3994646 0.3217816 0.3797798 0.4056480 0.4109636 0.6713139 0.6475694 0.3558014 0.4403936 0.2704973 0.5833135 0.0000000 0.1650155 0.0659707 0.0100064 0.4143965 0.6957916 0.2314661 0.0099679 0.9308662 0.0066164 0.4002222 0.3475978 0.0066164 0.3662055 0.6200005 0.4142724 0.4143965 0.2929635 0.3872790 0.4056480 0.4181640 0.3439894 0.3399259 0.5191307 0.6906219 0.3265367 0.1021273 0.4404072 0.6585937 0.5654246 0.0662604 0.4490804 0.3717318 0.4145122 0.9089303 0.3953048 0.3426967 0.9089303 0.3196358 0.0277702 0.1611755 0.6014167 0.6957916 0.3588334 0.6005475 0.6005475 0.4604341 0.5331255 0.2908342 0.3932821 0.4158256 0.3960899 0.2874218 0.5163065 0.6308580 0.0659707 0.5857173 0.4829883 0.0662604 0.4152536 0.6431882 0.3738064 0.6075757 0.6115982 0.6208973 0.0099679 0.7541316 0.3334757 0.0189812 0.6615814 0.3745291 0.3156689 0.5453987 0.6475694 0.4029754 0.4029754 0.3573401 0.7426521 0.0740350 0.0476413 0.1662554 0.1626222 0.5336869 0.6208973 0.4268304 0.6789270 0.4158256 0.2254481 0.6086885 0.2585952 0.8802617 0.3404190 0.2680835 0.5121904 0.5139140 0.3454709 0.6775725 0.3204200 0.5805703 0.0134677 0.4033854 0.3399259 0.3695188 0.0755679 0.3238558 0.5810217 0.3072348 0.3484911 0.5413869 0.5413869 0.5594469 0.5334028 0.4957650 0.6654953 0.6386273 0.6654953 0.8407866 0.2874218 0.4209652 0.2376970 0.3615616 0.6583539 0.3856221 0.4084994 0.3856221 0.5874131 0.4357369 0.3906738 0.3919043 0.3033123 0.6752697 0.3435908 0.3939672 0.3790836 0.4132747 0.2892451 0.3610275 0.9724367 0.5345940 0.6873441 0.3278752 0.3121739 0.2957078 0.3125046 0.3442781 0.1639920 0.4019417 0.4148886 0.5194837 0.4937973 0.4093288 0.3923554 0.3486829 0.3545952 0.3553261 0.3491186 0.3632701 0.3476073 0.3672434 0.3526305 0.3477882 0.6359854 0.4884676 0.3433343 0.4692120 0.3580838 0.0170745 0.1718737 0.4274081 0.6789270 0.5468996 0.0821097 0.4133947 0.2294043 0.6223949 0.0653184 0.2884030 0.3547675 0.4968737 0.3494311 0.0771124 0.5833135 0.3245086 0.5217171 0.3299878 0.3649964 0.3926230 0.6315206 0.5117660 0.2681587 0.1209424 0.5514804 0.4536279 0.3299878 0.5150745 0.3774326 0.3594302 0.4611119 0.4611119 0.5737215 0.6169617 0.9724367 0.5916017 0.1650155 0.1639920 0.0099529 0.3420922 0.0000010 0.3568675 0.3456832 0.3456832 0.3545952 0.3365988 0.0116978 0.3136359 0.3771201 
GCF_000019365.1_ASM1936v1                    0.5447370 0.5921252 0.4225936 0.3872109 0.3763128 0.4475077 0.4095260 0.6595073 0.6903230 0.3556286 0.4828043 0.3238185 0.5986335 0.1650155 0.0000000 0.1683006 0.1554410 0.4022299 0.6646957 0.2800170 0.1523131 0.8463372 0.1559062 0.3806854 0.3322783 0.1559062 0.3387066 0.6631391 0.4856804 0.4022299 0.3436579 0.4106062 0.4475077 0.4187413 0.3857108 0.3995298 0.5186637 0.7964184 0.3104372 0.2173528 0.4218679 0.6586730 0.5117376 0.1648791 0.4119458 0.3886976 0.4178453 0.9432986 0.4331876 0.3866080 0.9432986 0.3186640 0.1565649 0.0806757 0.5840445 0.6646957 0.3600900 0.5832067 0.5832067 0.4110824 0.5183974 0.2776511 0.4121465 0.4069526 0.4203288 0.3376144 0.5405676 0.5937677 0.1683006 0.5473163 0.4603153 0.1648791 0.4509771 0.6139613 0.3750772 0.5989571 0.6672171 0.5672635 0.1523131 0.6655900 0.3920953 0.1609061 0.6449507 0.4025593 0.3711555 0.4815894 0.6903230 0.3965632 0.3965632 0.3603292 0.7142714 0.1353079 0.1691134 0.0831594 0.0734994 0.5239544 0.5672635 0.3827743 0.6379831 0.4069526 0.2284797 0.5273123 0.2728237 0.9137357 0.3586253 0.2860142 0.5458006 0.5714529 0.3481421 0.6472431 0.3665225 0.5857808 0.1559067 0.3980686 0.3995298 0.3443337 0.1718840 0.3934621 0.5542692 0.3127366 0.4043406 0.5663428 0.5663428 0.5438502 0.5286898 0.5079487 0.6102021 0.5892053 0.6102021 0.8515557 0.3376144 0.4317288 0.2409757 0.3796837 0.6251253 0.4090974 0.3584082 0.4090974 0.5721084 0.3855535 0.3779549 0.4251291 0.3158169 0.6880401 0.4109427 0.4218396 0.3781242 0.3956067 0.2879643 0.3888326 0.8824622 0.5242925 0.7043360 0.3164226 0.3039341 0.3404782 0.2996990 0.3941922 0.0873489 0.3959519 0.3457913 0.4576520 0.5379287 0.4035966 0.4037444 0.3477011 0.3665439 0.3825097 0.3768781 0.3821047 0.3690337 0.3629032 0.3742645 0.3032365 0.5713541 0.5822624 0.4189746 0.4125482 0.3311903 0.1630596 0.0898137 0.4091652 0.6379831 0.6038017 0.1713012 0.3890857 0.2361549 0.6038467 0.1481065 0.3383730 0.3697141 0.5128413 0.3288667 0.1723218 0.5986335 0.3454185 0.5551543 0.3382242 0.4094568 0.3918541 0.6296016 0.4411223 0.2853190 0.1512411 0.5279790 0.3899869 0.3382242 0.5755671 0.3322859 0.4155504 0.4765809 0.4765809 0.5692169 0.6055553 0.8824622 0.5399620 0.0000010 0.0873489 0.1549290 0.3929612 0.1650155 0.3640210 0.3743756 0.3743756 0.3665439 0.3216661 0.1555508 0.3567134 0.4143875 
GCF_000019725.1_ASM1972v1                    0.5484430 0.7346006 0.4190568 0.3361751 0.3646625 0.4073841 0.3950961 0.7596921 0.7021306 0.3505717 0.4379513 0.2679658 0.6434749 0.0659707 0.1683006 0.0000000 0.0554009 0.4044150 0.6934681 0.2364802 0.0554524 0.9612954 0.0596232 0.3953577 0.3424853 0.0596232 0.3486464 0.6944205 0.3894524 0.4044150 0.2672392 0.4107183 0.4073841 0.4376201 0.3509220 0.3496317 0.4732059 0.7674366 0.3264407 0.0436332 0.4646832 0.7522145 0.5458896 0.0066074 0.4756912 0.3641958 0.4265553 0.9213059 0.4340716 0.3775793 0.9213059 0.3317647 0.0684767 0.1552728 0.6094474 0.6934681 0.3405956 0.6085717 0.6085717 0.4389847 0.5376625 0.2758406 0.3912630 0.4631268 0.3904929 0.3147922 0.5520300 0.6640654 0.0000010 0.6050675 0.4956271 0.0066074 0.4073470 0.6789268 0.3782433 0.6103125 0.6415197 0.6799348 0.0554524 0.7290134 0.3430139 0.0625086 0.6550026 0.3787732 0.3326527 0.5799658 0.7021306 0.3866977 0.3866977 0.3528436 0.7630235 0.0863313 0.0567453 0.1649519 0.1581462 0.5482742 0.6799348 0.4142566 0.6722103 0.4631268 0.2271621 0.6104780 0.2627282 0.9068224 0.3334756 0.2700288 0.5584564 0.5573835 0.3617754 0.6753007 0.3252425 0.6365768 0.0596835 0.3895951 0.3496317 0.3601407 0.0151778 0.3433424 0.6309747 0.2892654 0.3539701 0.5884043 0.5884043 0.6021586 0.5838699 0.5231269 0.6843354 0.6669716 0.6843354 0.7936010 0.3147922 0.4210006 0.2394812 0.3618628 0.7077364 0.3836041 0.3959357 0.3836041 0.6208683 0.4514432 0.3930922 0.4040030 0.3015038 0.7550674 0.3480372 0.3900125 0.3853604 0.4226657 0.3074073 0.3447547 1.0043301 0.5499672 0.6801084 0.2942034 0.2825320 0.3237467 0.2799609 0.3540368 0.1570622 0.4201076 0.3956760 0.5411207 0.5527859 0.4055216 0.4062739 0.3327038 0.3175087 0.3555701 0.3270583 0.3558966 0.3474696 0.3611570 0.3525113 0.3368754 0.6400288 0.5330381 0.3492278 0.5297682 0.3578030 0.0661959 0.1647765 0.4218084 0.6722103 0.5751840 0.0170194 0.4188715 0.2311392 0.6708898 0.0726277 0.2629809 0.3672344 0.4865524 0.3444482 0.0221531 0.6434749 0.3444016 0.5601425 0.3578683 0.3602453 0.3720620 0.7033201 0.5333477 0.2885733 0.1097766 0.5417813 0.4619299 0.3578683 0.5466913 0.3631605 0.3556148 0.4464132 0.4464132 0.6282095 0.6742019 1.0043301 0.6227157 0.1683006 0.1570622 0.0574313 0.3467413 0.0659707 0.3194551 0.3092321 0.3092321 0.3175087 0.3316583 0.0553219 0.2746800 0.3757576 
GCF_000019945.1_ASM1994v1                    0.4874571 0.6434168 0.3848777 0.2978324 0.3632960 0.3871927 0.3927949 0.6632784 0.6459809 0.3354351 0.4297404 0.2504795 0.5819294 0.0100064 0.1554410 0.0554009 0.0000000 0.3961331 0.6723596 0.2171479 0.0065956 0.8988629 0.0032836 0.3899889 0.3275548 0.0032836 0.3533602 0.6184905 0.3986185 0.3961331 0.2721913 0.3771767 0.3871927 0.4073048 0.3274989 0.3203731 0.4904776 0.7093024 0.3073039 0.0945898 0.4058566 0.6569546 0.5406559 0.0556412 0.4139240 0.3545388 0.3916372 0.8864305 0.3804929 0.3294360 0.8864305 0.2928308 0.0205377 0.1489371 0.5760278 0.6723596 0.3454158 0.5751990 0.5751990 0.4397522 0.5093654 0.2697672 0.3618798 0.4260131 0.3721620 0.2952179 0.4884338 0.6153578 0.0554009 0.5658150 0.4621064 0.0556412 0.3957888 0.6416006 0.3607033 0.5820559 0.6042721 0.6193797 0.0065956 0.7282629 0.3142593 0.0118611 0.6393305 0.3636216 0.3128806 0.5218773 0.6459809 0.3805111 0.3805111 0.3483182 0.7172661 0.0672179 0.0395504 0.1538600 0.1502440 0.5157496 0.6193797 0.4048317 0.6561159 0.4260131 0.2077061 0.5882037 0.2580417 0.8772266 0.3205934 0.2482705 0.5110232 0.4981786 0.3242552 0.6547699 0.3126122 0.5557889 0.0032869 0.3855984 0.3203731 0.3573647 0.0645147 0.3315276 0.5796415 0.2930871 0.3285917 0.5401258 0.5401258 0.5529273 0.5219059 0.4845168 0.6442676 0.6250131 0.6442676 0.7853057 0.2952179 0.4111881 0.2193148 0.3420919 0.6443708 0.3545648 0.3759223 0.3545648 0.5860059 0.4014523 0.3781318 0.3832954 0.2814192 0.6735962 0.3325998 0.3879617 0.3482556 0.3998707 0.2721470 0.3407880 0.9386916 0.5285787 0.6791664 0.3049221 0.2900285 0.3036733 0.2903719 0.3246130 0.1516492 0.3924274 0.4005476 0.4970002 0.4769849 0.3943353 0.3822697 0.3201295 0.3256238 0.3386848 0.3253686 0.3464598 0.3189582 0.3376637 0.3236737 0.3193079 0.6144564 0.4721230 0.3238344 0.4329991 0.3375612 0.0100610 0.1591364 0.4117997 0.6561159 0.5317185 0.0751496 0.3906600 0.2114771 0.6069712 0.0548595 0.2679050 0.3412337 0.4859552 0.3291036 0.0703175 0.5819294 0.3085947 0.5040237 0.3022510 0.3402628 0.3618037 0.6301880 0.4894841 0.2506603 0.1128565 0.5166709 0.4182583 0.3022510 0.5053551 0.3642365 0.3394361 0.4443865 0.4443865 0.5489704 0.6154526 0.9386916 0.5714894 0.1554410 0.1516492 0.0082621 0.3242038 0.0100064 0.3276331 0.3172391 0.3172391 0.3256238 0.3170586 0.0082929 0.2920124 0.3568788 
